23.4999
22.5097
18.7812
21.7083
19.4797
22.1270
20.2052
18.5479
14.8050
23.2187
22.4128
18.5479
20.2052
9.2918
21.2919
19.1861
23.2156
21.8243
20.8790
22.8617
19.8588
22.9888
23.3735
22.6878
23.2379
20.6512
23.4999
12.2248
17.1466
23.1571
18.1602
20.8035
22.1270
10.3460
22.8676
20.7666
22.1483
11.4891
22.4332
20.2554
19.4084
23.4911
23.4574
22.2995
12.1008
17.0570
19.4323
19.3845
22.6985
22.9803
14.2782
19.2948
20.7666
18.2256
15.6844
21.7083
21.9930
23.4420
22.0229
16.7970
18.4932
22.0043
22.7982
21.7760
22.0562
21.5750
21.5250
17.9350
21.7331
23.2379
23.4589
19.1931
22.3374
22.8980
23.0533
21.1176
23.4959
21.6791
20.6675
23.2288
10.9651
20.0911
22.6244
23.4721
17.0095
22.0709
23.1932
19.2843
19.9373
23.3259
18.1479
23.4961
22.3194
22.2711
23.4931
22.4176
23.0272
23.4999
23.1691
23.4859
16.7332
22.4780
23.2742
22.9749
23.4933
21.2989
22.9488
22.2711
22.8316
22.7395
23.3426
20.9937
18.6866
15.9967
18.4381
23.3308
19.4323
23.0514
23.3857
23.4721
22.1730
22.9141
20.6512
21.6791
23.3077
16.6639
18.7322
19.8997
23.3666
15.0061
23.2700
23.1665
20.5247
23.4147
18.6636
19.1470
23.4271
18.4932
23.4239
19.2354
21.6666
16.5336
19.4763
21.3129
23.1280
22.2711
22.8230
17.4680
21.2919
18.0901
23.2542
19.1292
16.7873
10.1604
23.3982
22.2711
17.7116
23.4974
20.5856
23.4742
22.7447
21.7454
17.4138
23.4194
17.7116
20.4431
22.0507
19.9932
18.5790
20.1724
22.5097
22.4947
22.4503
18.0901
19.5768
18.1273
18.0067
23.3837
20.6783
19.5100
23.3421
17.4410
22.9175
23.3444
22.1162
22.2286
20.6594
21.5599
23.3771
23.1180
22.1642
22.7499
22.7356
22.5832
23.1989
13.7465
22.9972
23.2564
23.4787
19.4493
22.3537
22.1412
19.0791
18.3427
22.3747
14.9578
23.1070
23.4756
22.3194
14.8050
23.4770
22.3407
18.5635
17.8285
15.5890
20.1365
19.1006
23.4947
22.6646
16.0343
18.2945
23.0573
23.4822
18.1231
20.8114
22.5037
16.5789
19.9529
14.1929
23.4947
22.5202
23.4113
20.7506
19.6264
17.8926
23.4906
18.8449
17.2119
23.3797
23.4947
23.3077
21.5250
22.9366
20.4939
20.4460
19.3673
21.9532
22.2320
20.1365
12.4597
20.2672
23.3940
22.0544
23.2491
23.0729
20.6431
19.2634
23.1571
23.4409
21.0013
21.5403
21.5272
23.4688
20.9329
22.7012
22.2995
21.6770
20.1304
16.8846
21.1274
21.7248
17.2536
19.4493
22.8922
22.5468
20.1814
21.2497
18.7812
15.0602
23.1088
17.1278
19.5335
22.0043
20.7903
22.3374
21.9930
23.4966
19.8366
23.4271
18.7511
18.9484
20.9685
22.9888
23.2542
19.9342
21.9474
22.3763
21.2896
23.4654
21.6030
22.9728
22.3763
10.9366
22.7343
21.3361
22.8581
19.3501
22.8267
23.2960
22.4642
23.0272
17.1325
23.3356
20.3371
18.1273
22.6117
22.8267
23.0651
21.0685
20.8453
23.3666
21.2450
17.4184
21.8501
19.9311
21.1806
22.8569
18.1314
22.1940
23.4271
19.3398
23.0149
22.6536
19.6099
21.8002
22.0043
21.6179
23.3920
23.2379
20.0240
23.4947
17.7029
16.3395
23.4718
21.1468
18.3146
20.4714
23.2913
22.7211
23.4420
18.1643
23.0929
18.4500
19.7759
22.1625
23.4761
17.7291
22.9095
19.9963
21.6222
19.4527
23.0758
21.0113
22.6742
18.5596
18.3627
22.5232
19.4084
9.0560
19.3225
23.4637
20.5107
22.8533
22.4611
20.5275
22.4764
19.5134
20.8583
19.3087
23.0272
17.9054
20.5608
21.0858
16.5437
23.2832
19.4594
21.9627
20.3023
22.1180
20.5275
18.7850
22.7564
20.1665
17.9688
13.8704
20.8401
22.6453
19.7211
23.2061
17.5174
20.9278
19.6919
22.1801
21.6958
23.3122
23.1571
16.9040
23.4848
23.2187
21.9986
16.2564
21.4653
22.0211
22.9343
21.1322
21.9703
20.3516
23.4458
9.1275
17.7897
22.4550
18.1479
15.1079
17.8070
15.3662
23.2249
16.3136
23.4282
20.9406
14.2782
15.9589
19.4323
15.1079
22.0043
21.4205
19.0575
18.3226
19.7951
22.3259
21.3819
23.4239
21.8342
18.8746
19.1896
23.4979
22.4719
17.2767
18.9263
19.5368
21.7597
21.0238
21.6812
20.1694
19.6592
23.4037
23.4686
22.0433
21.4092
21.9359
18.5479
21.9089
19.4084
21.4942
21.4942
20.1184
22.6300
18.8225
19.7405
20.3023
18.5596
22.7945
17.6635
23.1422
23.4521
23.0514
21.4942
21.6729
18.2945
17.4410
20.3861
23.4147
21.9359
18.6214
22.0964
23.4465
20.0546
15.9589
22.1554
21.1468
17.7897
15.7787
15.1614
23.2379
23.4282
22.4457
21.8442
21.6285
15.0061
22.3586
23.1125
23.4037
22.2845
23.2960
18.3226
23.3484
22.9888
21.8600
23.0424
20.8453
17.7811
23.3204
23.4667
23.4972
20.2348
16.9281
22.9003
19.5768
23.1825
18.2743
20.0393
17.8370
19.8143
19.6362
19.7598
22.4947
22.4488
22.9061
18.9740
18.0067
22.1853
21.8103
22.5975
19.1399
22.7679
19.0213
20.9862
23.4938
19.9467
21.1468
22.5022
17.0000
19.0863
17.5441
23.4984
20.5939
23.4982
18.8112
22.5975
22.6605
23.2101
22.7105
23.4718
18.6866
22.9421
22.1678
22.1783
21.6285
15.5154
23.4310
23.4998
20.0332
19.1613
16.9377
20.7956
18.9593
23.3787
23.4888
22.5760
16.1355
22.7277
21.7617
22.9061
17.8926
21.0363
21.3637
16.7873
18.9153
21.4586
22.6426
19.2529
19.5768
23.3421
16.3084
23.1216
22.4901
20.5107
23.4969
21.4001
23.0333
20.5386
22.2711
20.0820
21.2093
23.4997
22.6230
14.2651
18.9189
18.2134
21.1395
22.5350
23.4555
20.7293
22.2423
22.0452
22.8340
20.8583
20.9937
22.8652
23.0035
22.1992
21.6854
22.0526
22.7819
19.1364
18.6022
21.6222
22.2423
22.3194
22.0248
18.0901
21.6582
22.3374
20.9406
20.5856
23.3977
22.8852
23.1405
23.4964
19.7308
22.8957
23.0777
22.1483
19.8997
21.0660
22.5097
20.8531
23.3284
19.8997
20.1635
22.1270
22.0709
23.1571
20.6891
22.2928
23.3977
21.6179
20.7982
21.6179
17.0095
17.7897
21.3979
21.2355
22.6032
23.3166
19.9901
23.4147
22.9619
21.0586
21.8836
22.9141
22.6440
20.1635
23.4911
22.5832
23.4424
23.1189
23.2933
17.2767
21.9646
18.5479
22.1216
22.6633
21.8836
22.1483
22.8169
22.1730
21.9359
22.3194
23.2790
23.4648
22.6244
22.4550
23.3077
21.4942
19.2354
23.3259
22.9466
22.1554
21.3979
21.6179
23.4686
22.3875
21.1974
21.8855
19.0322
22.9141
22.5832
23.5000
23.4635
23.4206
23.0986
22.1270
22.1801
18.8075
20.2407
23.1466
21.3175
19.2564
21.2069
19.9373
20.3313
12.1919
23.0719
20.4742
23.2527
20.7160
15.9210
15.6508
23.3210
23.4577
21.9627
22.2609
21.4340
22.7730
22.9930
19.0575
23.4997
23.4458
22.6796
23.4947
22.7211
23.4844
22.9695
17.3957
20.5608
17.4410
20.5801
22.0470
22.7039
21.3819
22.7705
23.0777
21.5728
20.1873
22.7039
22.0709
22.8328
22.7589
22.1801
22.5932
20.7824
20.2613
22.3843
21.8382
19.5368
20.5302
23.4998
22.5556
23.3284
23.4620
21.0412
22.8242
18.2945
22.0359
22.2440
21.5533
19.6428
23.3006
21.3222
22.8193
20.6783
22.4841
13.4792
23.3837
23.1125
22.6536
17.8798
23.3385
23.4218
19.8461
23.3756
16.1513
23.0929
22.8864
22.7434
23.4970
22.6985
22.6300
19.4084
22.8864
18.5596
20.8971
22.0359
21.3659
22.5202
20.3313
17.6018
23.2693
19.8461
23.3920
22.6300
19.2948
20.7213
19.9777
18.3627
19.4662
22.4780
20.6512
22.3938
19.7179
22.9619
22.2711
20.0546
18.6866
22.3537
23.2859
22.5832
21.2260
22.6985
20.9278
22.5097
23.1571
17.4093
21.2662
21.5228
21.3430
21.3245
23.0787
23.4787
20.4939
16.5437
18.3226
16.6639
23.2986
14.9335
21.5577
16.2980
20.4939
18.7662
23.4844
21.0907
21.2117
21.3338
21.7820
19.7308
23.4967
23.3666
23.4667
20.7666
22.3374
23.0583
22.2828
23.4896
20.0178
23.1216
23.3160
21.7556
23.4392
21.7083
23.4830
20.3400
21.3338
21.8442
21.8183
23.0149
19.2878
21.6030
21.5316
23.5000
22.9532
20.2789
14.2192
23.3272
21.5316
20.6431
22.6578
22.6674
19.9217
23.4880
22.1090
23.2790
21.0759
16.4829
16.5789
21.0412
23.2622
23.3426
19.5066
19.8015
21.0858
22.3407
21.8933
22.0964
22.4191
20.5525
21.0238
21.3819
22.0691
22.8794
21.6030
23.4841
22.4002
19.9529
21.5272
23.1316
19.8746
20.1123
23.1369
21.4047
20.5163
21.5272
23.0729
18.4381
13.6839
23.4688
22.3309
23.4857
23.4963
20.8764
23.2797
20.7877
22.5947
22.7957
23.3385
13.5361
19.3294
21.0238
22.5306
22.0507
23.3173
18.4932
21.7269
23.4963
23.4073
23.3666
21.7083
22.5172
21.4205
16.7332
23.2797
19.9217
18.6560
18.9740
23.3756
23.2622
22.9717
19.1399
16.7725
21.0907
23.3920
22.4611
22.7679
22.8364
21.4765
20.8764
23.4028
21.2473
23.4688
22.9118
22.6258
23.0454
19.6853
21.9854
19.7727
21.4942
22.2878
23.2946
22.3859
23.2946
22.8255
22.5975
19.2002
23.3444
23.0729
22.5097
23.2707
22.3618
21.8103
22.6258
23.2542
20.3516
19.1185
21.4205
23.4640
20.8375
23.3949
16.2250
17.7594
20.2052
17.8542
21.1054
22.8605
21.8894
23.4667
23.4198
18.1807
18.2945
20.6185
13.5997
22.8770
16.4320
22.1853
23.4999
17.6635
22.2079
23.3077
22.3986
22.6536
22.8364
23.4037
22.8473
13.9182
22.4992
15.3605
18.4932
22.8641
19.3639
23.4597
17.2767
23.0221
22.8980
21.9302
22.5202
21.9570
18.2662
23.4721
23.1850
19.8997
20.8427
22.0964
23.4959
22.4947
22.3078
18.9226
14.2126
19.5768
19.2354
23.2742
18.8746
22.8169
19.8997
22.0507
21.7083
22.5409
19.8556
22.0964
22.1483
23.4087
12.8355
21.5879
18.8337
21.1661
18.0318
20.1814
23.0651
20.5939
22.2559
17.7638
21.4942
23.4073
23.2379
16.9184
23.4629
23.4984
19.8997
14.6496
23.2643
23.2203
20.1304
16.9088
23.4999
22.1713
22.2575
19.7534
23.4561
21.4942
19.6033
21.6328
23.4991
23.3338
17.5441
23.4629
16.6937
20.1123
22.9706
22.0117
23.3385
16.6490
23.3940
21.6030
23.4824
20.5414
22.0043
22.4207
23.2491
19.3811
22.4749
18.7887
21.0808
23.3977
19.1470
20.2731
20.1063
20.1814
19.3501
23.4857
20.8790
18.6866
21.3728
22.8007
21.0238
21.7454
20.7186
23.1989
22.2575
20.4004
21.0238
22.5832
18.0901
23.4828
18.9667
19.1896
22.5291
21.8103
21.2069
23.2784
23.4632
23.2069
23.4921
22.3439
23.0825
23.0149
21.2355
22.7857
23.3160
23.4828
23.3968
22.7052
22.7052
16.8410
22.1412
22.9061
22.6146
19.2354
19.3639
20.8661
19.8997
21.5901
20.0148
22.3045
22.0507
19.5768
22.9220
22.1162
21.0238
22.6619
22.0155
21.7310
23.1125
21.7901
21.7861
22.9619
22.2928
22.9888
21.1054
23.5000
22.6715
22.7932
21.2919
22.9888
23.4917
22.6146
20.7982
20.9609
20.2052
22.8169
23.4100
23.4667
22.5276
23.4837
22.9930
16.5689
22.3537
22.5409
20.6512
21.0561
20.6322
22.8817
21.4115
21.6030
17.3821
23.1571
23.3160
23.4565
21.0537
23.3147
23.4521
21.2989
20.9685
23.2593
9.3497
15.0242
19.0322
23.0651
23.0787
21.4676
20.2052
23.3077
16.1513
22.7025
23.3954
20.4119
21.2989
22.0043
22.9377
22.7395
22.8641
16.4218
18.8225
23.3590
21.1637
21.7083
19.0575
22.0964
19.7631
12.7353
14.5740
21.6791
21.7372
16.8750
17.0949
23.3666
22.0043
15.2790
14.6746
23.2986
21.9570
21.5228
20.4939
21.2989
14.9578
22.0285
23.3077
23.4756
21.9817
19.5401
23.4251
23.2379
22.6188
20.5330
23.4756
21.1298
23.3817
21.3175
23.3920
20.9304
16.0930
22.9141
23.3596
18.0360
21.6645
22.5037
20.1304
21.3199
22.5542
19.5268
20.5441
22.4050
17.4410
19.5100
23.3666
21.6896
12.9119
17.9857
23.4577
21.3637
21.8816
20.1123
23.2578
23.4991
20.0790
23.4629
21.6518
22.1853
22.1108
21.4340
22.8922
21.0238
23.2643
18.0526
17.5886
22.3970
23.4804
23.3302
22.7105
23.3025
16.2668
23.5000
23.3807
20.0546
18.5906
19.4730
21.8501
21.1878
18.5906
19.2982
20.8531
19.2354
20.2052
20.7453
15.2673
15.1555
21.5944
23.0651
23.4964
20.1123
19.4662
23.4922
23.3484
21.9968
20.0117
23.4972
20.9227
19.1399
23.2825
18.8411
22.6342
20.9811
23.3882
22.8364
20.2289
23.4726
13.9994
15.5890
23.0651
19.8207
20.7666
21.7248
16.8750
22.1448
23.4982
22.8688
10.4574
17.6635
22.4565
22.4947
22.8770
21.0660
21.6560
19.8143
23.3574
18.8746
23.0729
21.4765
22.6605
15.4297
17.2119
17.8627
23.2379
21.4742
20.8971
21.6560
20.0393
22.3618
13.2477
22.9421
22.1766
22.6728
20.5191
23.1422
22.8364
23.4991
18.3945
20.7666
23.1351
15.0061
23.4872
20.2554
15.7953
22.8230
22.6728
22.3763
22.6605
23.4947
18.6483
23.3141
22.2286
22.4841
23.3761
23.3944
21.4047
17.1746
18.9959
16.0128
23.2446
19.2704
19.4084
16.5840
19.2354
18.8374
22.3618
22.1607
22.8473
20.3110
21.6896
23.4926
18.7056
21.0038
23.2379
22.4457
18.0318
23.3135
22.0709
23.1079
22.6674
22.9152
22.1607
23.1501
23.4609
23.3709
20.8375
18.0485
23.4926
23.2226
23.0201
21.9474
18.5790
20.4658
21.3933
20.8192
20.4375
22.5961
23.0149
23.4981
22.0599
23.2946
19.6951
23.0573
22.9321
20.9736
20.6322
23.1216
22.5187
18.9484
23.4185
22.2711
23.0098
22.3698
19.7566
21.9282
17.4138
21.3591
20.4090
17.8070
22.9118
21.0487
16.7775
20.1545
18.6483
22.5687
22.7343
23.2777
20.9786
21.4273
20.6999
19.8997
23.1665
23.3444
19.6592
20.9125
16.2250
23.4871
23.4990
18.7925
23.4239
16.8798
22.8829
22.4673
22.0764
23.2379
18.7624
18.4932
23.0651
23.1125
22.1162
16.3961
20.0240
21.2141
21.6030
20.7400
23.3484
23.3949
19.2739
14.2782
15.2263
22.7641
23.0025
21.6854
23.1940
17.8585
22.1412
21.0858
20.3890
17.8242
16.4473
23.2913
23.4947
20.2407
22.8617
21.0238
20.9406
19.4662
18.0360
21.4385
23.2295
20.5635
16.5437
23.4976
20.2348
23.2564
20.4233
21.0487
21.3430
23.4718
22.2878
22.1748
22.2525
22.3537
20.1063
16.9425
14.9092
19.3225
19.7405
23.4731
23.4651
23.1004
23.3666
23.3308
23.4019
17.1513
22.5097
20.1123
23.2622
22.3341
21.5096
21.1127
23.4787
21.4137
20.9786
18.0067
18.7018
22.7382
23.4772
22.8094
22.6018
22.0837
17.0665
17.7291
22.6300
20.9329
22.1853
21.7678
22.3161
16.9952
20.9329
20.7851
21.2662
21.2826
22.9061
23.4973
20.9558
18.9373
22.2320
22.5932
22.9951
19.3742
21.4519
21.1176
22.0599
21.5879
22.6823
16.2250
22.7486
23.2607
21.5620
22.7211
20.2052
20.5635
23.0929
18.8746
20.6783
22.5468
20.5302
18.9042
22.8304
22.5306
20.7666
22.9888
22.7211
20.7293
21.3751
23.4181
19.3017
22.4223
22.0099
23.4275
13.1149
19.7663
21.0808
20.2052
18.4025
20.6322
23.4857
22.2371
17.4410
23.4455
17.5841
21.4542
21.5922
23.2505
22.2027
21.9089
22.1288
20.2496
20.6594
22.7641
20.0393
22.2542
21.3705
23.3518
22.7211
22.4841
23.2859
9.5993
20.2052
18.8746
19.2354
16.3961
21.5815
20.2643
18.4500
22.8992
21.5337
16.3291
19.9684
21.1322
23.2622
19.7405
21.4742
22.7211
20.4318
16.9761
18.0485
20.4090
20.7666
21.9089
23.3461
22.6619
21.7474
23.4686
22.6117
21.9089
23.4561
13.6208
22.0155
22.1412
23.3730
21.7597
22.7052
18.8337
18.2702
21.7083
23.2542
23.4558
14.6496
23.4768
21.3979
20.2701
20.2052
19.8997
18.5362
22.1198
21.9089
22.8617
20.4573
23.3160
20.9685
22.1642
15.4698
18.6407
18.8000
22.7705
22.1448
23.4917
20.6322
23.4970
22.2337
21.5206
23.4810
18.7812
23.0149
18.8746
23.4934
23.2742
23.2700
23.3147
21.9089
20.0024
21.6854
16.0930
22.7602
22.7538
20.9609
21.9665
23.4147
22.6536
21.0586
23.3421
23.2600
22.3439
20.2052
22.2200
18.2662
20.7982
23.0533
18.5479
22.6453
23.4589
23.3154
22.5350
23.4347
22.7356
22.2286
22.1958
20.4233
23.4347
22.5832
23.4814
17.7116
23.2825
23.4759
21.9089
21.6854
19.9435
22.9343
21.7841
21.7841
21.6624
11.0312
23.2379
18.5828
22.8304
21.8521
22.6440
23.2671
22.8569
20.7666
23.1280
21.4092
22.1642
23.4177
19.0719
19.7855
21.7083
23.3837
18.6214
18.3627
22.9771
19.8270
19.8524
20.5135
23.2249
21.4092
22.5527
23.4955
21.2117
22.3731
20.6783
20.8764
21.3659
21.8521
22.2320
21.5096
20.2052
22.8922
17.4410
21.9494
17.9941
22.8641
22.5947
19.7276
23.4962
22.9781
17.4950
22.1448
21.9817
22.8473
23.4019
21.7861
22.5832
20.4004
23.2859
23.4678
20.5994
21.5272
18.3427
16.2250
22.1783
21.5490
21.0038
23.0583
23.4711
21.8243
23.3709
22.1554
21.4809
22.5350
22.0581
21.3911
20.5414
20.9227
23.1741
16.2250
22.4457
17.7029
23.3949
20.3516
17.4860
21.8103
23.5000
22.8605
18.4579
19.8683
23.3484
22.8747
23.1280
23.4399
23.4921
21.9436
22.2371
18.2134
20.8971
16.9521
18.5712
20.2052
23.2311
20.7079
19.7727
21.6560
23.4589
20.3342
20.7666
19.8461
15.4297
22.4018
20.9987
16.7824
21.6708
22.2337
16.9761
16.0289
20.7666
20.3516
13.7396
23.4589
23.4437
22.3045
23.4282
21.5815
23.1413
23.3501
20.6594
23.4846
20.9987
17.7421
19.5768
23.4681
19.8651
23.2454
16.8312
20.3023
18.0568
22.8945
23.2993
22.3537
18.6330
17.4184
23.2124
19.1470
22.3731
20.4658
22.6453
23.3782
21.3956
22.6619
21.4742
15.6228
23.5000
20.4629
23.3216
23.4051
22.1748
17.2119
21.1054
22.8473
18.7511
18.2702
20.2701
22.9499
21.4205
21.1054
11.6043
21.5490
20.3342
19.8651
21.7536
17.3638
21.4115
18.6099
17.4138
20.6594
18.5323
20.7400
20.7666
15.8666
23.2379
22.1678
20.5856
17.5664
16.1089
18.8746
23.4329
19.9311
21.6391
20.5247
16.5134
18.0901
20.4658
22.7065
19.2739
20.7373
13.7534
23.3546
21.2662
17.5174
23.4409
18.8746
19.8302
23.2700
21.9513
21.9854
21.2402
22.1554
20.4090
23.2742
20.1154
21.7760
14.5613
16.2824
20.4004
22.8352
21.6243
20.1154
20.2378
22.9813
20.8842
22.4018
23.4923
23.4997
21.9854
20.7133
22.3698
21.1613
23.4991
23.4667
23.2379
21.8914
21.4720
23.4366
21.5381
21.7083
22.5832
23.0939
19.8997
23.3147
23.2295
20.4939
20.7666
23.4420
21.0013
23.0844
21.6896
20.7427
20.9482
22.6851
23.4978
23.3725
23.4742
18.6099
22.3309
21.2873
21.9282
17.6635
21.2849
20.6648
21.7638
23.0651
22.6342
21.4047
22.6258
22.7211
22.9399
19.2354
23.3467
18.0485
23.3761
22.8829
18.7246
21.2141
21.4452
18.4065
22.0782
23.4347
23.1825
19.4662
22.3666
20.6864
20.1724
22.8864
22.2371
23.1571
22.7589
21.5228
21.8836
22.6823
23.1060
23.2693
22.2711
23.3077
19.6198
23.1883
23.1817
22.4332
22.5832
22.4332
23.2593
21.7678
20.1184
22.1483
20.5635
18.7359
19.8997
19.1861
23.4932
23.1571
23.3817
23.4648
21.9340
16.7332
23.1458
23.1004
23.3166
20.9508
22.0964
22.5202
18.6598
22.9141
22.5409
22.9749
22.5276
19.6723
21.8521
23.3817
22.6032
22.8020
23.4983
22.4550
22.9141
23.2469
23.4961
22.4144
22.5468
23.1817
22.8169
20.3139
19.7211
23.3920
23.3216
23.4648
20.7320
23.3797
19.7598
19.8079
22.8770
19.8997
21.8243
19.8997
19.8997
23.0892
17.6018
22.7857
20.9508
16.3343
23.3920
20.7877
23.3484
16.7970
17.9096
17.5039
20.0851
21.4092
23.1817
20.4939
22.7512
23.1622
21.6476
23.3314
22.7768
22.4113
20.1123
23.3906
22.6342
16.3136
21.8342
17.1793
15.8227
22.0043
18.5401
18.4932
19.3432
17.0190
20.3400
23.4147
19.6853
23.4498
22.5037
23.4998
23.0221
23.0719
21.6115
17.5352
23.4992
20.8479
22.2457
22.6796
19.1825
20.4062
22.3843
21.0437
21.2069
23.3122
23.3901
20.5856
16.9904
16.0717
22.5247
17.6283
21.7719
22.4886
21.2662
22.3227
22.7819
22.7705
18.8449
20.6540
23.2265
19.9901
19.6033
22.0654
18.5906
21.3979
22.1853
23.0651
23.3756
22.8864
22.5585
23.3344
22.6440
17.2905
16.4829
22.8864
17.2905
22.3634
18.4932
20.4545
22.0043
15.3662
17.5174
20.6783
22.4332
21.0238
23.3954
23.4999
22.6633
20.5856
21.2260
23.4947
21.3819
19.8997
23.3426
20.7213
22.8864
22.1853
16.9425
20.1635
21.0956
22.8864
19.7405
17.4725
18.0192
16.5689
22.5202
19.1328
23.1989
23.3837
22.9972
18.0901
19.8461
23.4994
23.1817
23.2379
23.4019
21.8103
19.3363
18.6060
22.1554
20.5856
23.2986
22.2148
22.8980
20.2052
22.7211
23.2564
22.2286
23.4251
23.4970
22.0964
23.2564
22.2711
22.9061
20.0546
23.3077
15.7400
20.1754
20.7400
22.6674
19.0213
17.0048
19.2704
19.1577
23.4808
23.0911
17.2629
23.4589
20.9685
22.3907
19.3501
20.7133
22.2337
22.9738
22.5702
20.7666
21.5425
23.3444
22.5291
18.4144
21.5206
23.0911
22.5832
13.9792
22.5687
19.8429
19.0358
19.6330
23.2461
23.0434
23.4693
18.0901
23.0252
16.1672
20.6158
21.8303
21.2189
22.6619
15.5154
22.8735
19.8651
16.1672
17.7724
21.4942
21.0784
22.5187
22.1678
18.5906
19.5768
19.8047
20.3516
14.4914
21.5901
19.8997
23.3920
23.3077
21.0858
23.4994
23.1180
22.0043
22.6188
23.3421
21.2662
22.8593
20.4686
18.6137
22.7564
22.7730
20.6864
21.9665
21.8303
22.8340
22.6674
16.9088
21.3361
18.9410
18.8075
19.0394
23.2379
21.3175
22.8829
23.1665
17.0949
21.4720
22.6536
22.0782
22.6467
23.1571
23.4147
20.7666
21.8894
21.2662
21.7454
16.6837
17.3957
22.7920
23.4995
16.7332
18.7246
21.8894
18.7246
21.6875
23.4787
16.7332
17.5308
18.7246
15.5721
23.4583
19.4425
21.4720
22.7602
19.8683
17.9646
16.8312
22.4332
19.8997
21.2426
18.8000
20.7079
21.9779
23.1571
23.4223
23.3444
17.8798
22.1323
14.6809
22.4795
22.5395
17.7811
21.7901
19.7727
19.5768
15.7345
23.2700
18.5712
23.4437
19.3501
20.6783
20.2052
23.4837
21.8382
15.5890
23.3719
22.9813
22.1783
19.6592
23.4982
19.6099
20.7133
19.6494
16.4524
21.9722
20.3023
22.9061
23.3235
22.8206
21.2426
22.1748
22.2027
21.3819
19.0104
22.8340
22.5832
23.4392
23.4936
21.8659
13.6909
22.9856
17.9646
23.2187
19.2774
21.2919
16.5689
17.7247
17.2675
20.3342
21.2069
23.0354
19.1292
19.0575
18.9189
23.0149
23.4037
16.7824
16.2980
23.0892
22.4841
18.0485
17.8070
19.5768
19.8556
18.7094
18.2459
22.8473
22.7356
22.2711
17.4138
21.1758
21.7982
23.4612
23.4251
23.0892
19.1042
23.0651
21.1468
13.6559
22.4977
21.2236
23.4808
20.7427
20.7930
20.7373
16.2250
22.4191
23.0201
19.9932
22.9287
19.7405
14.9456
22.0415
22.4176
19.7081
20.4686
23.4936
21.6243
15.4983
21.3430
21.5337
23.1874
23.1216
21.7269
23.2379
14.4914
22.7730
18.0485
20.9987
20.6322
21.4092
22.8364
23.4957
21.0734
14.2324
20.3371
20.6458
23.3128
20.7930
22.0599
21.0660
22.1126
18.0067
20.6322
22.1288
17.2119
17.6635
23.4936
21.7638
15.5438
23.3421
22.1853
22.3078
18.4539
17.9520
19.5768
19.0935
17.5174
22.4176
22.5673
21.0238
20.4629
21.9854
21.7760
20.8531
18.3866
21.7597
21.8738
23.2379
23.3719
23.0098
23.3949
21.7638
22.5247
19.4084
23.4997
22.3259
22.3763
22.8945
14.6996
21.7901
22.8794
22.6619
20.2052
20.0363
13.6419
23.4704
22.8070
18.9153
16.1672
16.7775
22.9813
23.1501
22.7794
22.1607
19.0791
22.9619
23.2226
23.4693
20.1694
18.5635
22.7538
23.1216
23.3235
21.1613
21.6854
22.6146
20.5856
21.6158
17.4138
19.8683
23.4864
22.5989
22.2845
21.5381
21.0238
23.3444
23.3771
21.3129
12.1340
23.3666
23.3415
22.1958
23.2600
23.2578
23.2622
22.3537
19.8207
23.2124
21.9302
22.6216
19.0286
22.3537
20.1063
21.9089
12.1174
20.5191
18.3146
22.7920
22.2405
20.8192
23.1333
20.0240
22.7564
23.0863
22.2200
21.5381
19.2002
21.0734
13.1149
15.6844
21.1225
21.0980
23.2379
23.4552
21.5162
19.2354
23.4923
22.6216
22.8032
22.4457
22.9287
21.9263
23.3666
19.6853
22.7602
22.3634
20.3342
22.5542
23.4947
22.4176
20.0972
21.4430
23.4651
23.4995
20.6322
18.9373
23.4718
22.3309
21.1225
23.4492
21.7495
21.2022
19.0935
22.2542
22.4457
21.4497
19.8047
21.8382
23.3719
21.0734
22.6769
20.0240
23.3077
21.2662
22.5172
20.2052
20.8531
21.8382
22.1678
19.9684
22.7447
19.8366
21.7760
23.1758
20.8375
19.3052
18.9042
21.9722
23.4568
17.3957
22.7395
22.3194
19.8334
21.1298
15.1555
19.5301
23.4973
21.7228
15.2322
23.2101
20.0546
23.0873
21.0238
23.2021
21.1298
20.0178
23.3204
21.6476
22.8652
19.4865
20.5856
22.4332
23.2838
23.4206
21.6645
20.9862
22.8980
21.7228
22.1090
22.2828
22.5247
21.7515
20.2672
23.3507
23.2607
21.9684
21.5250
21.6603
20.6891
21.1710
22.3602
22.6342
21.8243
19.6033
18.5206
19.6723
21.2473
20.8375
18.4025
19.7276
20.6702
21.9968
23.1440
22.9619
22.0433
23.3455
21.8797
23.3797
22.9433
23.3882
22.5202
23.4336
22.8193
23.3128
22.2320
20.7877
23.5000
23.1189
22.8782
19.8270
23.4214
23.3650
23.2326
23.4615
15.3894
23.2356
23.2578
14.6621
15.7234
20.6675
22.3456
20.7666
22.7932
23.2973
20.5219
23.0313
20.8114
21.5008
23.4877
23.3141
21.0586
15.8118
20.0638
21.5228
21.4047
20.1154
20.0729
22.0043
20.4939
21.9798
22.7576
22.3634
22.3028
22.9576
23.4978
23.0787
22.7145
19.8619
23.1758
22.7743
23.3077
22.3439
19.0104
23.4859
22.7895
23.4742
22.0526
23.1316
20.7851
22.5409
21.2497
20.4004
22.8980
18.0360
21.5577
21.6030
20.9329
18.1479
18.4025
23.4444
23.1060
23.4902
22.6701
22.5832
22.3341
22.0174
18.1355
23.4019
19.3879
21.1589
23.3935
18.8746
20.6540
20.5386
20.1754
20.8323
16.7578
10.6563
19.7405
22.4002
23.1125
18.0109
19.8207
19.3467
22.2200
21.2662
20.2052
21.3059
20.5525
16.8943
19.3052
19.8683
19.9963
22.4932
21.0882
21.2803
20.7079
20.4147
20.9584
21.6729
22.2912
23.4173
23.4691
21.9627
20.5107
23.2913
17.8798
18.5206
19.2564
18.8075
20.8140
19.6198
22.4410
23.4953
17.7421
18.6214
22.8887
21.3222
21.9321
22.8545
23.4540
23.4964
20.1184
21.9986
22.1519
21.6687
20.5441
23.3725
21.6030
23.0593
21.7577
22.6660
21.9722
20.5275
22.1730
19.0719
22.5687
23.4907
20.2496
21.3314
20.1093
18.9776
23.4606
20.6837
22.6851
21.0388
22.8911
20.5414
23.3666
15.5495
19.2982
19.3673
19.3673
22.8806
18.3945
22.0359
23.4958
22.1748
22.8817
21.9359
19.4898
21.8855
22.0043
23.0444
23.2424
21.1541
21.3888
20.7824
21.0412
20.7480
19.9684
23.1866
21.7881
23.3368
20.4176
19.3363
16.6090
19.5967
23.2272
20.5079
19.1684
21.4250
22.8545
20.4403
22.7512
22.8169
23.1316
23.0444
23.0844
23.4740
21.6285
20.4939
21.1565
23.4521
22.3537
21.6708
22.3875
14.9092
21.6285
21.3819
20.4289
19.7016
23.3484
22.8922
20.2348
21.3245
20.3226
17.6195
15.4009
16.8943
20.0911
21.4942
18.7812
23.0046
20.8192
20.0546
22.1412
19.0791
14.4914
19.4084
23.4880
21.9930
19.6362
19.5368
14.7679
18.6099
18.7662
10.7248
19.3225
20.6322
19.4084
20.9962
21.7083
15.1079
21.0858
22.2148
19.6165
17.1513
21.3956
23.4711
20.0942
18.8746
23.4947
23.1458
21.6854
17.9857
23.2859
19.3742
22.8328
15.0302
15.5438
22.3128
21.4385
16.9761
23.4759
23.0474
22.9197
20.8323
21.7861
16.0930
19.9342
23.3797
21.7310
21.3175
22.8911
20.0240
18.2945
17.9983
20.9406
22.6004
21.1054
19.3639
21.2141
20.4233
19.0322
18.7132
18.4381
21.5879
18.7511
21.6179
19.6330
23.1571
20.8531
20.4119
20.2052
23.0484
15.4009
23.4721
19.5301
23.1449
21.4942
19.8461
21.6729
22.3650
23.4001
23.2693
17.9688
22.1270
21.6030
22.8119
18.5479
19.8461
21.4942
22.9771
21.8442
20.5414
22.4596
22.8267
20.9278
21.2662
22.9141
19.7631
22.2474
9.8523
21.3682
20.8114
23.1189
20.9811
23.1932
14.7245
20.2906
23.4206
20.6783
20.4545
19.5768
21.7678
19.5301
19.5768
22.3811
19.3501
21.7083
23.1907
20.0240
21.2260
22.5832
22.6985
22.3698
23.3666
22.9972
23.0651
22.4642
21.0238
21.7433
22.3811
23.3077
20.4939
15.8447
21.6476
16.3395
18.9667
18.7812
15.7621
17.7897
18.0901
20.4119
18.8746
21.6791
17.9308
22.6633
23.0364
17.5664
22.1554
17.0949
19.5301
18.2093
14.1200
11.8132
16.1566
15.3315
17.6635
21.5879
18.4381
21.8103
17.7247
19.4932
15.8227
14.3304
23.5000
16.5890
21.2331
13.4362
13.2404
22.1975
19.8588
14.4016
22.3194
20.1184
23.1783
14.2060
18.3427
16.4473
16.4473
20.5966
23.2657
15.0422
13.1149
21.8600
22.5202
18.7812
22.5832
17.8285
17.9688
23.1234
22.4550
22.6536
13.5997
21.4092
20.8790
23.4787
22.5409
23.4475
20.1694
19.8207
21.7678
21.3979
23.4651
23.4756
17.4950
16.0503
22.0964
21.0956
20.0024
21.1298
20.1545
20.1184
20.4939
22.2148
19.2948
20.9811
19.5768
20.8971
19.8461
21.7083
23.4475
20.3861
23.0929
22.3537
21.6030
23.2249
15.5438
15.7787
18.5596
20.4004
18.0901
16.8750
19.5201
19.2948
19.8997
23.1571
21.5316
22.6536
18.0192
23.3574
21.7760
23.4701
21.4295
11.6658
23.4816
19.3501
18.6214
23.4147
23.4976
22.4065
23.3837
22.6769
21.1468
23.2622
19.6853
23.3259
23.3484
23.3590
20.7666
18.3627
21.3819
23.4711
23.4822
22.8864
22.1483
23.1280
20.5856
23.3954
18.2662
20.0024
22.5585
17.3638
22.3259
18.0443
23.2037
22.4332
22.8759
20.1093
23.4890
23.4696
23.2093
19.1328
19.0791
23.2288
21.1830
23.1775
21.3522
22.5424
22.5542
22.4580
21.9646
22.8723
15.3257
19.4898
20.3197
13.0177
19.5335
20.1214
23.0863
21.3476
21.5577
21.3407
23.2379
23.4042
21.1298
23.4964
23.2424
20.4204
23.3963
16.8701
23.3949
21.3568
19.6362
22.7356
23.4843
22.8712
23.1817
20.6240
18.2621
23.4263
20.2052
23.2999
23.2505
23.4448
23.4968
23.0543
23.4540
21.1152
23.4928
18.4500
23.4959
22.7781
16.4371
17.5397
16.3807
22.2711
21.0537
22.8070
20.9048
19.0394
22.8545
21.6958
23.0651
23.3730
21.4205
21.5750
16.8750
23.3077
22.3875
22.7025
21.4942
22.1975
17.7897
18.6866
19.2354
21.8223
23.4869
21.9911
22.9197
18.0901
20.5275
21.5577
22.3650
23.1475
20.6891
22.5629
19.6099
23.3166
22.1412
23.3259
23.1189
19.4797
20.1184
19.4797
16.8750
12.8967
23.4983
20.6131
23.4992
21.9321
22.8864
18.6866
15.7511
23.0787
22.9619
21.4653
22.8817
21.5250
22.7705
15.3257
21.9570
19.2354
23.4992
23.4475
23.4087
21.4205
16.2876
22.0359
19.5301
23.4990
20.4233
23.3147
18.9263
21.5206
22.2912
20.7320
22.9254
23.2742
18.0901
23.2379
21.1878
23.0323
21.7083
19.5100
22.9254
21.4205
18.4932
23.4992
23.3920
22.8770
22.8473
20.8816
13.5997
22.8617
16.7970
21.4942
21.7536
22.2027
22.6918
19.9684
19.5033
21.5901
23.4589
18.0443
20.6485
23.2226
22.4841
13.6559
19.9342
23.2933
21.7536
19.9684
21.9089
21.1054
20.4318
23.1940
23.1280
21.7310
23.4104
22.8340
23.1571
23.2037
22.4332
17.3501
23.4194
22.5673
22.6769
17.6635
16.2824
22.9749
20.4004
20.1724
19.8683
22.6619
23.0651
10.2124
20.3342
23.3284
22.6300
22.7079
21.7495
22.1162
18.9153
18.9153
22.9619
22.8070
23.2124
19.1967
17.2119
19.1577
23.2379
20.0024
22.2474
19.2634
23.4804
22.4332
23.0293
21.7719
22.9366
22.5716
23.4667
22.2354
16.3188
23.4980
22.1288
20.3110
22.5716
22.0117
19.2843
22.5350
21.8933
21.6200
23.2859
23.4860
23.4822
21.3013
22.4611
21.6917
20.5635
17.6635
21.8263
22.6300
23.0108
22.1678
22.4097
20.1545
7.0582
23.2187
21.5250
22.7317
23.4982
20.8114
20.6702
22.9521
22.4611
23.3529
20.7213
20.5774
19.4560
23.4914
17.0949
23.5000
23.3077
16.8798
21.7083
20.4004
21.9494
17.5841
15.0602
20.9811
22.8794
20.8061
19.8143
23.3987
20.5939
23.4970
23.1125
21.6030
21.2896
22.4332
21.5140
21.9436
20.6158
22.8304
23.4989
14.7183
22.9619
23.1351
22.5217
19.2948
23.2714
21.4542
20.8868
22.3602
22.7957
21.0858
23.0739
20.9786
20.5163
22.1448
23.3135
21.3083
19.1754
20.0546
23.4667
20.9176
18.7397
22.0964
19.7534
21.2849
23.3247
21.3083
21.9722
22.7679
21.4942
16.6440
19.5768
19.0863
23.4147
23.3623
17.5753
20.8140
21.2260
21.3637
22.5468
16.9088
19.6756
23.4317
21.9436
19.7855
22.5947
18.7887
17.0333
20.9558
23.1333
22.4332
23.3518
21.1347
21.2022
21.7248
23.4177
22.6972
21.5858
23.3666
21.6391
18.9079
16.9952
18.1602
22.0136
21.0462
20.8375
23.4147
23.1051
19.8746
23.1571
23.4597
23.3719
20.0972
17.2536
17.9520
23.4549
23.1571
22.7317
23.4824
21.5118
21.9282
22.8255
22.0964
22.7920
23.4978
22.6985
23.4981
22.0964
23.0293
18.0526
20.1814
23.4147
22.6075
19.9467
23.4947
23.1699
22.6188
21.1589
20.1244
23.3247
21.3499
23.2707
21.0858
19.4662
21.0462
19.9529
18.9667
21.9244
20.7133
21.7083
23.4437
18.2945
22.6160
23.1724
21.4564
22.7564
20.6512
17.0143
21.4001
23.1253
16.7725
21.5922
22.8473
23.4888
23.2311
23.2811
20.9099
21.0238
21.0734
18.4579
22.4841
19.1861
23.3141
19.3294
22.6810
22.9421
21.2426
16.2824
19.0755
12.8661
23.2513
19.9529
23.3882
22.6216
20.8842
22.6089
22.0304
19.2354
22.8364
16.0823
23.4543
18.7397
23.2770
18.1643
19.8997
21.0238
23.5000
19.2354
19.5167
15.7289
22.7317
22.0117
22.0964
23.4704
21.4942
20.8271
19.5502
23.2318
22.4332
22.1126
21.1468
15.2145
23.4880
18.1725
21.7454
18.2175
19.8143
22.4719
19.6264
23.1351
17.5263
18.4932
22.2474
21.1468
23.1850
23.4635
23.2140
22.3472
23.4848
22.0043
20.7267
22.7092
21.8203
17.7029
23.4574
23.1032
17.3547
22.7092
21.4001
23.4846
22.1519
23.0293
23.4465
23.1571
22.9377
21.2662
22.9760
23.4701
20.2466
22.6536
19.7855
21.6729
18.5596
18.9959
19.4084
19.7276
23.3623
20.6213
21.1878
22.4916
20.1784
22.9003
22.7615
19.9715
18.1930
23.3222
19.5502
23.0796
19.4084
23.3025
20.3285
21.4765
21.0437
18.7322
23.4001
22.6272
23.1162
23.2593
20.5414
23.4521
21.2662
19.6264
11.5602
19.4730
22.7211
22.3537
21.0660
20.8114
20.1304
20.4460
20.9406
23.1162
17.2490
21.6770
23.1162
23.4275
20.8114
23.4963
22.8473
13.7742
21.5772
18.6330
22.3811
23.1699
22.7317
22.7641
21.9379
22.3811
23.0729
23.4906
12.4837
23.4347
23.4037
22.2148
21.5118
23.4543
21.7820
22.1730
17.8070
21.0956
21.3659
22.4596
22.8864
20.1063
21.7433
20.2554
19.3501
23.4521
22.2995
23.2742
23.4424
22.4841
23.3797
23.3077
23.3817
22.9803
18.8746
21.9089
23.4202
21.3338
22.7211
20.4545
20.1545
10.9366
18.0901
22.4780
23.4087
22.6536
22.1483
23.1060
21.9089
20.1635
19.4084
23.3666
22.9061
21.8442
20.8427
21.4205
21.7372
21.3659
23.3886
22.8070
19.4662
21.7083
21.0980
19.2948
23.2593
19.6592
20.4460
23.4852
21.6729
21.8103
22.9771
23.2476
22.4841
14.4914
21.9089
20.5414
21.6729
18.2093
23.4816
23.4424
18.3226
22.6823
22.9619
20.6891
20.2466
20.1063
20.9660
18.9886
22.3259
17.4410
23.0149
18.0901
12.7042
23.1014
22.8193
17.9604
18.4104
19.6951
21.0808
15.4239
19.5502
16.5689
19.0575
23.2379
22.0396
21.9646
8.3671
20.6103
18.8486
18.1479
18.9959
14.5359
19.4323
20.9073
22.6272
21.2307
20.9660
21.0238
18.1479
21.7248
21.1637
23.4451
17.1746
22.4097
17.4950
17.0428
19.2599
19.0827
13.7811
23.4980
17.7897
13.9859
16.0610
16.3446
20.7293
22.2474
23.3977
15.9805
20.6891
17.7638
21.4787
15.1910
20.4289
17.8285
23.4947
14.0398
21.4609
18.3707
23.4833
22.0267
18.7887
22.1216
16.5032
21.5316
18.9042
23.4970
21.4250
23.3797
21.2662
23.1800
15.1910
16.1302
23.3518
18.7056
23.0563
23.4902
23.2960
19.3294
23.0796
21.4092
23.4896
23.1032
20.8192
23.3012
20.7930
22.9728
21.9722
15.1732
14.2978
23.3709
20.8375
19.6362
22.3811
22.8070
23.2295
20.8971
23.2607
19.1577
14.6809
16.7775
15.6844
22.8969
20.1814
22.8206
23.4654
22.5097
23.4787
21.8501
22.7564
22.9321
21.8639
22.0636
19.1719
22.3938
23.4837
22.7012
23.4993
20.7052
21.0734
22.7356
21.9930
22.5187
22.3078
23.2029
21.9722
19.7211
18.8337
22.6810
22.3986
22.8377
23.3077
20.2052
23.4683
21.9089
23.4990
23.1070
22.7382
22.1198
22.7211
22.8712
19.9217
15.6844
20.6648
21.0412
19.8997
16.5890
21.9340
21.6179
23.4721
16.3756
22.9433
18.2175
17.9773
23.1125
23.2431
23.4932
18.3707
18.8299
23.4922
22.7589
21.9854
17.6942
23.4968
22.4841
20.4573
21.8933
23.3385
18.1190
19.9404
15.4411
18.6060
21.1878
23.5000
21.8679
21.3499
21.5728
21.0038
20.4289
20.3168
19.3776
17.6635
19.9777
14.6621
23.1850
23.3272
20.9176
22.6878
23.2742
23.2439
21.4942
23.1956
23.3314
15.5551
19.2072
20.1063
22.3666
23.3541
21.0038
22.1713
23.4962
20.7427
20.6213
23.2439
14.2192
23.3025
23.1280
23.2379
22.3045
19.0068
19.5502
23.2742
17.5841
17.5308
22.2895
19.6788
23.3944
21.4542
22.4018
23.4923
20.8609
23.2311
21.1878
19.8683
20.8140
21.7901
22.4207
23.4852
18.2378
17.7811
21.7228
20.5191
21.2236
23.4420
20.6702
21.1710
23.1571
20.9710
16.2772
21.1950
15.8502
21.4720
21.4542
20.2584
21.1225
20.3516
21.3933
20.9329
23.4787
21.9968
22.9972
23.2811
22.2371
22.2575
22.0782
21.9779
18.2702
21.7760
23.4109
21.9263
23.4646
17.0238
22.8473
23.4329
23.3385
20.4090
19.0755
22.3537
20.7400
16.7824
23.4109
21.6030
21.4385
23.0149
22.1678
23.1741
22.2559
20.0332
15.1079
23.2742
22.8473
22.0507
23.0651
23.4620
22.7857
19.8461
15.0061
21.9646
23.4521
17.7377
16.8166
17.6635
23.4822
18.6866
15.0061
18.8225
15.1079
23.4749
23.4347
22.6985
22.5097
21.1782
20.3718
21.1054
18.0318
20.2554
17.8070
17.9857
22.5202
22.8676
21.3979
18.2256
18.5479
22.1554
22.9619
23.4147
17.9688
15.6844
23.4574
13.3569
22.7641
16.0717
23.1449
15.4009
17.0570
17.2767
18.6214
21.7310
22.1198
22.9254
18.5906
20.8427
23.3284
14.9092
20.5414
23.4994
15.2086
14.9335
16.1355
23.1571
21.4676
22.0709
22.4841
21.1468
19.5301
22.5629
17.2119
23.4635
23.2859
23.1051
19.9839
21.9244
23.0004
23.4906
20.6540
20.5580
17.4410
21.8600
23.4206
16.5235
20.8531
10.9556
23.2379
22.6426
22.3472
21.2662
23.4899
21.0660
13.8293
20.4062
18.4579
22.9197
21.4942
17.0428
22.1940
23.4615
20.5635
18.8746
20.6185
22.4642
23.1198
19.9529
23.1691
23.3666
18.4618
18.0192
16.7725
19.2948
23.0815
22.3227
22.3259
18.6560
21.5316
23.4963
17.5619
19.6330
22.8770
22.3731
22.5217
17.9857
20.5635
22.0819
23.3623
23.2439
20.8764
23.3077
23.3409
21.9722
17.3273
21.9608
22.9803
22.7211
22.2096
19.7146
18.1273
10.9176
23.3552
20.8842
22.9619
22.8267
21.6328
17.0000
21.4497
22.8169
21.0238
21.8914
19.9622
23.4806
19.5468
22.9197
22.8922
22.2845
22.2559
23.4223
22.4642
23.3415
21.1127
22.4977
22.4050
23.4998
22.9220
19.6428
23.2622
21.9474
23.0474
22.4332
22.7602
19.0068
23.1800
22.7211
22.7641
22.0819
20.1784
22.7756
23.0892
22.6075
22.1448
21.4942
20.9406
20.7186
22.7092
21.4385
21.2473
22.2711
23.4936
22.7092
23.0384
23.1079
22.0964
19.6066
19.2037
21.2849
22.2405
23.4109
23.4037
23.4902
23.0911
23.3807
18.0901
21.0437
21.4340
22.7012
23.0149
23.2439
17.8798
23.3385
23.2527
23.4648
23.2069
20.3516
22.9888
23.4455
19.8809
22.0599
20.8893
22.5731
21.1758
22.4223
18.6330
23.3495
23.3450
20.2407
23.4643
23.0967
23.2578
12.0841
23.3698
22.4426
18.2824
14.4016
20.0240
22.2711
19.1364
17.1231
19.7791
23.4931
23.3596
22.0470
22.9220
19.7631
23.3444
21.3888
15.6116
18.5245
23.2859
23.3229
22.9972
22.0599
22.7119
16.8846
22.6188
23.4933
19.4187
18.5167
20.9278
18.1396
17.5841
16.9425
22.3292
18.4932
23.3557
19.0683
21.5074
21.6958
22.2148
19.5934
23.2476
22.7982
19.2774
22.7819
22.4223
19.2843
20.1873
21.4809
17.9223
20.5939
23.4501
23.4978
23.0768
21.9513
20.1395
23.2093
22.7211
22.0764
19.6428
20.4233
21.9798
22.3259
23.2999
21.5815
23.3891
23.2211
20.8009
22.2027
21.0238
20.3890
20.7956
23.3977
21.2943
20.9278
21.9968
22.2912
23.4934
21.2919
23.4997
23.3607
23.3862
18.9484
22.7538
21.6624
23.4370
23.4917
22.1448
19.7791
23.1125
19.7081
21.5206
22.7932
22.6117
18.0901
23.4880
22.0470
22.6728
20.9278
23.4409
14.9335
23.3862
20.5856
21.3245
23.3735
22.2079
23.0651
23.4597
21.5490
22.4332
22.6605
20.2437
19.0575
20.8790
23.3607
23.4810
22.8473
21.7310
23.4787
23.1125
20.8816
20.4573
23.3740
21.0586
23.0892
23.3954
22.2217
20.4939
18.1602
23.5000
23.3455
21.1637
22.4719
21.6179
23.1449
21.7678
22.4992
18.3226
23.0077
20.7982
22.9061
22.9771
20.9508
21.9911
22.6633
23.0768
22.1216
22.1642
18.7662
20.9912
19.7179
22.7025
21.9570
18.5479
23.1189
21.4942
23.3590
20.1635
11.4891
23.3590
17.3456
20.4573
20.2906
20.2052
18.9813
19.7179
23.0434
23.4721
22.6032
22.4113
18.4932
17.6635
21.9911
20.9278
21.4942
23.4891
22.9477
21.9359
19.1861
21.9646
20.4939
19.0140
17.5352
22.4113
16.3136
20.7373
19.9435
20.4629
19.8588
20.4119
22.9930
23.4060
23.5000
20.5414
23.3173
22.6426
23.0484
23.4181
20.4939
23.1716
17.9011
12.2657
14.4914
22.9803
22.0654
19.0863
22.7330
23.4804
22.2962
23.4073
21.5664
23.2318
17.8798
20.7666
21.5858
22.7679
23.1924
21.0238
21.8342
23.4147
21.7638
23.4841
20.8114
22.1108
20.3023
22.4457
22.6769
23.3541
14.0264
22.0544
22.9254
21.6729
23.2742
23.4893
22.9455
20.0790
22.7756
20.9176
21.0660
20.3023
22.9619
21.8203
13.6699
23.4377
23.1501
23.3235
22.8070
17.0949
23.3247
23.1741
21.7556
23.3623
22.8169
22.8267
23.4962
21.8303
21.7248
21.9892
22.9532
23.4409
21.1468
19.6033
11.6395
15.1079
13.0102
20.3313
22.6032
19.1042
21.9417
18.1479
13.2184
22.4841
23.4987
23.4521
13.7118
13.2037
23.4347
16.3136
22.7211
22.3811
18.8746
16.5184
20.2906
22.3811
14.2782
23.4998
18.3786
18.4932
23.3666
23.1571
16.3756
18.7511
20.3313
20.6322
15.1079
21.2662
21.6729
22.7641
13.4290
20.5414
23.1449
21.0660
23.4667
23.4814
23.4992
20.6131
18.0192
14.9092
13.3569
16.9761
21.4205
21.2331
22.3259
23.0211
23.3077
23.0484
23.4961
22.5350
18.9557
20.7666
17.5174
21.3059
22.5629
14.9335
20.4375
20.8192
18.3347
23.4923
17.7377
19.8366
18.8746
14.4914
23.4037
18.7359
19.4797
18.4932
13.9250
22.4901
13.7465
16.8555
21.9089
22.9619
18.2662
14.9092
16.0930
19.9435
20.6131
18.2459
23.2999
18.9813
17.9857
22.1359
21.2896
21.1054
19.2354
15.3024
17.7377
19.3363
20.1063
17.4410
13.4792
21.8816
23.4947
15.1079
22.8070
23.4711
20.4460
18.9263
19.9529
22.0654
19.6330
18.8746
23.4561
17.8070
23.2249
19.6853
20.7293
13.9250
19.2948
22.0709
22.9254
18.3627
20.8114
23.4711
20.0546
22.4719
18.0192
22.2995
15.5890
18.2662
21.0660
18.8746
19.0575
21.4564
23.4347
22.2945
19.9901
22.4719
19.1754
19.9901
21.7083
16.8312
18.1643
22.5512
23.3141
21.4205
15.4983
15.8063
20.5552
20.3342
21.4942
23.4555
17.4138
21.5533
16.4524
22.4332
23.3484
22.3259
15.7455
21.7982
17.5174
19.6756
22.2711
22.5395
21.2141
23.3006
21.4452
23.3216
22.5832
22.3537
22.1162
18.7624
23.3484
21.9930
21.0784
21.3956
21.0013
21.4497
21.7982
20.4939
21.7760
22.6769
21.1468
23.4051
20.6485
22.9499
22.9254
22.7211
23.0523
21.3956
21.8103
18.7094
21.3682
21.1613
22.5350
23.0211
20.9125
17.4184
22.1162
18.3746
20.6458
20.5219
22.4176
17.5308
16.2824
23.3147
21.0907
17.6195
22.1162
22.6146
22.9377
17.2583
23.4294
17.7377
21.2260
23.1571
18.2256
18.9079
20.9660
17.4410
22.3602
23.0911
22.3859
23.4996
20.3023
23.5000
23.3987
22.9220
19.8461
22.5932
21.6708
13.0402
22.9061
22.5276
23.0474
21.3430
20.4233
22.0819
18.0568
21.8600
22.2995
23.0651
22.0043
22.1270
17.2951
21.6200
21.5337
23.4210
22.3666
18.6675
23.1891
23.2439
23.1924
23.3666
21.1127
21.9779
20.9099
21.5922
23.3944
22.7211
21.9474
19.6033
21.8382
19.6428
22.2062
21.9570
19.8997
23.1501
18.5635
20.8271
21.6708
22.1448
18.2743
23.2777
22.8473
22.8389
19.7276
22.3309
22.4719
20.3371
21.6243
23.3896
21.6833
22.9299
21.3659
21.7083
21.7678
19.8079
22.7538
23.1449
23.2886
21.8875
21.9089
18.0901
22.2474
19.8997
19.8997
16.2980
21.5879
21.5250
19.6165
23.2742
20.9609
22.9930
23.4961
20.6131
21.7083
21.7083
22.0727
23.4409
21.0238
22.3986
19.6330
21.3338
17.7897
23.4759
23.4852
22.4780
21.3819
15.4009
21.8521
20.4939
22.3128
23.3344
20.0332
21.0238
23.1682
19.5301
20.5746
23.0149
18.9263
21.7083
23.4961
18.0318
22.9209
22.9141
21.2989
21.4631
13.2184
21.8243
21.7083
23.0283
21.3338
22.2337
21.9089
20.9508
21.1974
23.1571
17.9350
19.3363
11.6131
20.2554
21.0858
23.1825
22.7211
23.2069
22.0746
15.9589
20.1724
23.1014
22.2286
19.3501
19.5335
22.3938
23.2148
23.4999
20.0546
21.3819
21.6624
23.3740
20.2466
21.5381
20.6322
23.2999
21.4385
20.5966
21.9340
21.2141
23.4934
18.5401
19.9684
23.4787
17.3135
23.3862
23.4983
20.2789
23.2124
22.6018
22.7211
21.4205
23.1674
21.8600
23.4521
22.7382
23.4239
17.7116
23.4997
22.0285
23.3385
16.3756
22.3634
17.5530
22.1359
17.7073
22.9888
22.1501
22.4332
18.6636
17.5174
22.0507
22.6018
23.3154
19.0104
23.3529
21.6307
23.4923
21.2379
18.7056
19.9901
17.4410
23.0651
20.3168
23.4926
22.5832
23.4914
23.4749
22.0507
16.5083
17.2119
23.5000
22.3407
23.4329
22.5439
18.6866
20.5441
18.8746
23.3896
20.3516
21.6917
22.4457
23.4927
19.9279
23.4317
23.4574
19.3742
23.2838
23.2578
19.5768
21.9968
21.3933
23.4654
20.9176
22.6467
22.2575
23.3618
18.7397
23.1648
20.5191
18.0192
17.8798
22.4191
21.5316
19.0394
20.1244
19.8015
21.7269
22.8144
21.7942
23.4978
21.8757
20.6185
11.0312
17.7029
22.4977
21.1225
22.4886
10.6366
23.3574
23.4998
19.6788
23.1484
20.8609
19.4357
23.3235
21.2450
22.6728
22.0819
23.4329
23.4521
19.7855
15.9047
18.9484
23.1741
22.2711
20.2701
21.8894
22.9003
21.2236
23.0844
21.5381
23.2295
20.6999
12.0087
23.1280
20.6322
16.2720
17.5308
19.2002
20.5552
15.2263
17.0238
21.9244
19.5033
13.4792
12.4996
23.4104
16.8312
23.2226
20.6322
21.5728
21.6136
23.2172
21.7269
22.8377
21.9282
20.3804
23.2454
23.4947
23.3077
22.5498
16.4575
23.4998
22.8144
19.9839
17.9983
22.9728
23.4014
21.1127
23.1413
18.2134
22.8473
22.0636
22.7564
22.2096
19.7081
16.1777
22.8473
22.8352
23.4231
14.7183
22.9941
16.8653
22.2711
22.7447
23.3837
13.4075
22.6769
22.3634
23.4448
17.8070
23.4983
23.4271
15.0061
20.0851
19.8997
22.6674
14.9880
20.0240
19.3052
18.4144
16.9281
20.1455
23.0651
21.1054
17.6635
23.3385
22.9835
20.2643
18.6483
16.3756
23.2811
21.9089
13.4792
8.2614
23.4583
23.1741
23.0454
22.9835
23.3666
22.0964
22.9254
21.8303
21.3129
19.1648
22.2371
22.3045
20.2554
20.5414
23.2379
21.7760
18.2540
21.4047
23.4864
19.0935
22.7473
21.7901
18.7246
23.5000
22.3045
22.8712
20.4939
22.9433
23.4864
14.8050
23.3077
19.2354
23.4147
18.8000
19.5768
23.1396
13.8293
6.7823
22.0229
19.1648
23.1396
12.4996
23.4437
20.4939
20.2052
23.3235
22.5097
23.0967
23.4683
15.1079
21.8521
22.6878
21.2662
23.3259
23.3216
15.3024
20.4545
19.3501
18.4381
19.8997
19.1931
17.8285
22.6715
10.8314
17.6018
23.4321
20.6131
22.6258
12.8661
15.8666
17.7594
21.8243
16.5184
21.1298
22.2508
22.9499
14.0532
19.0104
20.2052
21.7841
17.1466
18.4381
22.6018
22.8641
21.9359
21.6476
20.6485
21.7982
22.9141
17.1466
12.4517
22.7211
19.6165
21.2989
21.7962
22.4992
18.6866
20.4233
15.3024
22.9619
23.1351
20.5746
21.4631
19.7179
17.4138
16.1619
16.8750
23.4947
17.2767
16.9184
19.7631
18.7662
23.3077
21.5879
14.8050
22.7589
19.2354
23.4424
20.8245
21.3819
23.0863
15.7511
21.7083
14.4080
23.2859
20.7347
23.4589
23.0777
15.5438
23.2742
19.8556
22.6715
22.1958
23.1891
23.4051
21.8103
13.9250
19.9777
23.1571
22.7538
23.3385
23.4765
23.4699
23.0272
22.6370
16.7922
17.9857
23.0149
20.5994
23.4808
20.8009
21.1782
20.6648
23.3920
23.1940
23.4959
17.0949
15.7511
19.0935
19.1967
23.0404
14.1664
23.2379
22.0727
18.4932
16.2250
20.4004
16.1672
21.9722
19.5033
22.5291
21.4698
11.8646
23.3857
19.3398
19.5335
23.1244
23.4202
23.3666
21.0238
22.7382
17.5530
20.0148
20.6322
23.0323
20.2789
23.3920
21.0537
19.7951
19.1754
20.5856
23.1691
22.0043
19.5768
13.0102
18.2256
20.6512
22.9254
22.8864
17.5174
17.2119
22.6823
20.9811
20.9811
16.6639
19.4932
17.5352
22.0964
13.4290
18.1479
23.0484
17.7377
23.0651
21.0238
23.4994
21.7597
18.4932
18.6214
23.4998
15.4009
20.4460
20.3516
22.3537
19.7631
23.3185
23.4976
19.5301
20.6322
17.2119
19.8461
19.8079
16.8943
18.2945
22.7395
23.2045
22.8473
18.3627
23.4465
18.3627
23.2505
19.8997
23.1571
20.8790
17.9520
21.7083
22.2474
18.1602
17.3638
23.3385
21.5577
18.6214
23.1571
17.1325
23.4620
23.2593
20.7213
20.6322
23.4218
21.7597
18.7132
17.8499
18.3627
23.2187
23.2913
21.6307
22.3537
16.2250
22.0043
19.4493
6.6142
23.3235
23.4370
23.4787
18.2419
20.4601
20.4939
22.8169
20.7930
20.8635
21.7083
18.8746
21.9817
23.4831
20.0942
18.2702
5.6528
20.6675
23.4999
23.4970
19.5335
21.8442
20.8635
23.4880
18.4932
12.9271
15.7511
19.0104
21.0858
18.2945
23.3077
22.9343
23.4992
23.2379
20.8971
23.4947
21.7597
22.6004
22.8020
21.4385
12.0256
23.2124
22.5832
23.3666
22.9209
22.2286
20.9508
19.8207
22.4719
23.0651
18.4500
14.9578
22.7705
18.7132
20.3516
23.2913
16.4218
23.4392
23.2542
20.2052
18.8000
14.4914
23.4583
15.6844
18.5596
20.2052
22.0229
21.9854
20.8713
17.5174
18.3347
22.2711
19.7081
18.4381
14.8664
21.9417
23.4923
22.9254
22.7473
19.2354
22.1853
22.5832
21.1468
21.5250
17.8798
22.3698
8.5229
19.3742
20.8713
22.2423
23.4906
21.6243
21.9854
19.8461
17.8370
17.3957
22.9399
18.5596
23.1571
14.4914
22.2217
23.4880
21.4047
23.1216
21.6391
17.9096
23.3204
23.4424
22.5097
15.5890
19.0213
23.0651
22.9835
23.4973
17.1325
22.0359
20.2052
20.2643
21.8243
18.7511
17.5174
21.3591
23.4927
22.7211
22.8230
23.1716
21.5381
22.1270
15.2086
21.2402
18.5906
20.5635
20.3890
19.5768
22.9399
23.3385
22.6633
21.2069
22.0746
20.5994
22.2337
21.6812
16.8019
23.2933
22.0964
23.4814
15.8063
16.3549
21.5490
23.4558
18.2419
20.0148
20.2643
22.3938
22.8169
23.0967
14.4914
22.0267
21.5750
22.2079
18.9153
23.2379
21.8855
23.4667
14.6496
21.8342
23.4437
23.1378
18.4065
23.3160
19.9622
19.1185
23.4597
22.3537
21.4115
23.0025
23.2303
22.3938
23.1351
21.0561
15.3257
20.4233
20.3168
23.1466
21.0858
14.0800
23.2564
23.3077
21.5184
22.0433
23.1458
22.1642
21.7536
22.9619
21.9817
21.0858
20.0699
23.2379
23.0651
22.3341
20.4233
23.4996
20.2052
21.2662
22.1483
21.1298
20.7320
17.7247
16.8750
22.2474
21.2989
17.7897
22.3650
23.4816
22.7932
21.9359
21.5250
21.6179
22.7589
17.9688
23.4844
23.4321
23.3954
15.6844
21.0537
20.5746
22.8328
22.7382
20.4318
20.0760
18.3945
22.8473
23.3954
23.0484
23.3886
23.4147
14.8050
21.1974
18.9667
17.0095
19.0322
23.3666
23.4787
22.1216
23.4087
22.3938
21.9089
23.2790
20.9304
19.5301
21.1974
23.5000
22.5007
22.8641
22.7211
23.4632
17.1606
21.2331
18.3427
19.7179
19.2843
17.9350
22.6032
22.4780
21.5184
20.4939
17.8285
22.0433
20.9304
23.0354
21.6624
19.7823
19.6198
20.7373
20.8453
20.1724
20.6999
19.8207
23.4997
23.1940
22.3341
19.7791
22.2148
22.6188
23.4947
23.4957
21.2141
22.1958
19.4084
21.8103
21.2069
16.6689
20.5552
23.4990
22.3537
20.7666
23.3455
20.2701
23.4321
21.6030
23.0149
19.2808
22.3128
23.4147
21.3245
23.4461
22.8605
17.8542
22.0562
18.7812
19.0358
21.0238
14.4145
17.0333
23.4933
23.3308
17.3456
20.1455
22.4332
23.4814
20.8816
21.6624
19.9373
20.8661
20.7133
21.5901
22.1642
22.4160
18.0360
20.4119
20.9912
23.5000
23.4906
22.2337
23.0077
23.4251
21.8816
23.3154
22.3747
21.6030
22.5097
20.8971
17.6635
21.6243
15.1079
23.4998
18.8746
21.5381
19.9622
23.3204
21.8698
22.3374
23.3077
23.2226
22.1483
23.4060
22.9835
23.4994
21.2662
23.2671
23.1396
20.9736
23.4864
21.0734
19.9901
23.3771
22.9141
22.3537
22.9835
23.3444
22.5542
22.3259
19.5100
20.0332
23.4583
20.5497
20.6049
9.4868
23.3444
23.1571
23.4966
22.9972
19.9435
23.4742
21.7083
20.9227
23.2505
23.4963
21.7760
22.8712
22.7395
16.9281
21.8698
23.2124
23.1422
21.3129
23.1234
19.8556
21.4047
20.2643
22.9930
22.4642
22.6945
22.9619
18.8746
23.0651
23.1396
22.8712
23.0651
23.4147
21.5599
22.9287
20.6322
22.0599
23.3891
22.4673
20.8453
22.8945
22.6300
21.0734
23.4808
23.4936
23.4806
20.8713
20.7930
22.0192
16.9281
19.9342
23.4577
21.3129
18.8746
11.3088
20.1754
22.6536
20.0851
22.4332
23.1571
23.4190
22.1607
20.9482
21.3933
18.8000
20.3804
23.4014
19.5401
23.4231
19.8997
22.6398
22.0819
21.9244
21.3430
20.4318
19.7405
20.2348
21.1468
22.8032
22.4642
22.7079
22.4642
22.7092
18.5323
14.6621
18.7056
23.0563
23.4981
21.6243
23.3987
20.6864
20.8192
22.6810
23.0252
23.4384
22.2200
16.5840
22.8255
20.5774
19.7727
22.2878
22.9728
21.9570
16.7332
19.5768
20.6783
22.6945
17.7724
23.4437
21.5490
23.3968
21.4942
20.8531
14.9092
21.4942
16.0503
21.3245
23.2913
23.5000
20.9406
19.3501
18.2256
22.8473
16.7332
20.3023
23.3920
15.8666
22.8864
19.6853
23.3284
22.0229
20.7666
20.9609
20.8531
21.9722
23.3235
21.2069
22.5097
22.6536
21.1054
16.4829
23.3666
20.7666
22.2027
20.4004
20.0024
21.3430
23.4994
20.1063
17.0570
23.4037
22.9619
20.3023
22.8070
18.7511
22.6878
19.6853
23.4711
21.9722
21.6391
22.2711
19.3501
22.4719
18.9667
23.0323
21.6560
17.5530
21.1878
20.0024
18.6866
19.2354
21.6030
18.1314
19.9932
23.1125
20.6783
22.2148
19.5401
19.1577
22.5644
21.9798
23.4947
21.3956
21.2402
22.0964
19.2704
23.1475
21.2662
21.3430
19.7951
23.0211
14.2782
23.4999
19.7211
23.1741
23.3204
22.5097
17.5664
19.8651
22.6810
21.6854
21.7310
20.2378
21.6624
20.8971
22.9377
23.0543
23.3484
23.0768
22.1162
23.4147
21.7760
23.4521
22.2525
22.5673
20.6485
23.4370
21.4452
12.6025
21.1054
20.7373
18.2256
20.9736
22.8070
23.1571
22.1162
22.9813
23.3421
18.9557
12.0087
22.8593
20.2052
22.6619
19.3294
23.4921
20.4939
19.6592
21.7083
23.2211
21.8836
21.7290
23.1571
16.7922
22.4332
22.0654
22.9619
22.6032
14.0264
19.7405
15.6844
20.4004
19.6330
17.6018
19.8079
22.4780
19.4797
15.4009
15.5890
17.7377
22.9061
14.4914
23.4565
16.5890
22.4596
22.4596
23.4667
23.4206
20.9508
15.6059
19.9435
23.3507
20.8790
22.9803
22.9061
13.9453
17.1466
17.4410
23.4409
22.9619
23.3756
22.5350
23.4521
22.6633
16.3961
20.3313
17.0570
20.8323
18.2945
22.7857
19.6231
18.7662
19.8997
23.3590
23.0929
22.3537
21.4564
19.1185
23.4996
23.1571
19.2948
18.8746
22.7395
20.2052
18.9813
17.6063
23.0484
22.0654
23.1125
17.2119
23.2966
14.1664
22.0654
21.4698
17.9857
21.4942
20.2466
22.5247
20.9937
22.1642
23.2045
22.9466
23.3426
19.4084
21.8243
18.4263
20.0332
20.0332
23.4983
22.1730
22.0174
20.1184
22.2474
19.2843
23.0025
23.0221
16.0503
18.3427
17.9096
20.2906
23.3954
22.7211
23.3666
21.6476
19.9839
19.6853
18.5712
19.6494
23.2156
19.4323
23.4721
23.2913
20.8635
23.4999
19.4797
21.6285
23.4395
23.1316
19.3363
22.4992
19.0935
21.4942
21.1878
20.9125
22.1642
21.3245
22.1730
20.0760
23.4973
20.1304
22.4503
23.0077
15.6172
17.7724
18.6598
21.8521
19.4797
18.3427
21.4115
21.2989
22.2337
21.5901
21.2069
20.8192
23.2859
20.2052
23.4976
22.7211
18.3627
22.5350
23.3666
23.2379
23.1280
22.6769
23.4976
18.0901
23.4852
23.4711
23.3077
22.8864
19.6853
23.0323
22.0359
20.7666
23.4147
20.8531
22.8864
23.4906
23.0651
21.9089
23.2124
23.4282
23.4620
23.3077
23.4620
19.3501
18.6214
22.8169
17.0570
23.4906
22.5832
21.1878
21.1878
23.0323
21.4205
23.3077
23.2859
22.2148
22.1853
20.9406
15.6844
22.6769
17.2119
21.1054
22.3259
22.4719
21.0238
21.9722
20.1063
22.1554
22.6769
22.9972
18.7511
21.9722
22.6769
23.4906
16.7332
23.1280
22.2711
23.4970
23.4521
20.7666
23.4347
16.3136
21.2260
22.9803
16.2250
16.3961
17.4410
21.5250
21.6391
21.7678
13.1149
15.6844
13.5997
19.0575
23.4976
23.2622
23.1989
22.8070
22.1853
16.5689
21.6030
23.3954
20.9406
22.0043
21.3430
20.9887
21.7083
22.9803
20.7213
21.6729
23.4282
16.6490
21.3430
22.4992
16.1513
16.8166
23.4001
18.0901
23.4976
16.1355
22.1853
23.4816
20.4460
17.4093
23.4852
23.2966
20.1635
21.7433
21.6391
22.6300
23.4787
22.7641
22.9803
15.6059
23.4218
23.1280
21.5490
19.6330
17.9520
14.9092
22.8304
20.6322
22.8676
22.8070
15.1079
21.4564
22.5585
19.6853
23.4574
20.6783
16.3291
20.9482
23.4037
22.9760
20.7347
21.4653
19.0358
21.6833
19.4084
22.6004
16.1566
22.1625
19.5335
23.4194
21.9513
22.6878
20.3023
20.2052
22.5832
22.5989
18.7812
16.4320
23.1396
23.4448
21.6560
18.3945
19.3501
18.7359
21.3682
20.7982
18.3945
20.6485
23.2564
22.3341
23.1940
11.1433
21.5490
23.4992
17.2629
19.3673
16.9761
14.7679
19.6198
21.3545
23.4478
22.2711
21.2141
22.7705
21.1613
20.9304
23.4860
22.0359
23.0892
22.9738
23.0892
21.0238
22.8605
19.0575
22.8473
19.7016
23.3235
20.5966
23.4194
23.4091
23.4060
20.4601
22.9888
20.0332
21.9570
23.4880
23.4589
20.5994
22.7589
23.0149
22.5097
21.9359
22.0964
19.6723
22.1216
22.6356
15.1079
7.8079
14.5740
22.5629
22.0174
23.2564
23.2986
19.7791
22.2711
16.1619
20.8427
17.5530
23.1316
23.2483
22.2286
19.8997
21.9911
15.4411
16.6639
23.4686
20.5856
21.4631
19.1861
21.2662
19.2843
20.2052
22.6032
21.9089
22.1554
16.7332
17.4950
22.8817
23.4837
23.4970
19.6723
22.9619
21.0956
20.0911
22.4916
20.8790
17.2119
20.8009
20.4119
22.7211
21.1637
17.4995
22.4332
23.2790
19.2354
18.8262
22.6440
19.4084
22.4550
22.5202
23.4648
23.4759
17.9096
19.1967
15.7621
21.3682
22.8267
22.9141
21.6179
14.6996
23.1571
23.4999
21.8243
21.7962
20.9508
17.6018
11.2632
23.3782
22.0507
20.4939
15.1079
22.4992
17.2119
19.9901
19.8997
23.1665
22.0964
22.3128
20.8427
23.4756
19.3225
22.3938
23.1125
22.4780
21.0956
23.4051
20.7666
20.6891
23.4983
17.1466
21.7083
21.2662
18.5479
22.9141
22.0964
19.7791
23.4973
21.4631
20.1694
20.4939
20.8323
15.3662
23.3954
20.0332
19.8079
22.9299
21.3659
15.7621
22.8980
22.8007
23.4808
20.6675
19.5768
21.9665
23.3426
21.6158
23.3740
21.9798
15.7621
19.3363
19.1470
19.4323
23.3590
20.6512
23.3235
21.0586
19.8997
22.1678
22.4332
22.2711
22.6075
17.9223
20.2554
19.8997
22.1678
22.8712
21.9854
23.3077
21.7495
23.2124
23.1032
23.1396
20.5497
20.2052
19.5100
20.9227
22.9619
23.1907
23.4347
21.4205
20.3226
17.6635
23.3326
19.7727
20.6594
22.3045
21.7083
22.7982
21.4205
22.8676
19.0935
19.0104
20.2554
23.1216
23.3557
22.6398
20.7133
23.0252
23.0252
23.4927
23.4906
16.5336
23.1280
22.9175
23.3385
23.4981
23.2249
22.1678
21.7083
22.0964
22.5832
23.4147
23.3077
21.1878
20.7133
21.6391
23.5000
19.4084
19.7081
21.4205
22.2995
23.1351
23.4251
20.9609
22.3128
22.8169
22.9399
21.2260
21.6391
23.0967
23.2505
22.9254
20.0546
20.1545
23.4932
23.4475
14.1664
22.9254
23.4282
23.3284
18.6866
20.8971
19.2843
21.6030
22.8864
22.0174
23.2505
23.0651
22.7768
19.9373
23.4998
23.4749
22.5832
23.4906
23.2483
23.4620
22.3423
20.1635
22.9433
22.3194
22.9466
23.2124
23.0967
20.5856
20.3890
23.3837
21.6791
23.4620
22.7641
22.4332
20.8790
22.6300
23.2379
22.9299
20.2554
23.0815
23.4073
22.3650
23.2622
23.1571
23.3837
19.9529
23.4852
21.6030
16.0717
22.1270
22.1216
23.1571
22.5832
23.3730
23.4019
16.2250
23.2379
21.8816
23.1989
22.2995
18.6483
23.1571
23.2527
20.4939
23.2505
23.2379
20.0240
20.4375
19.8366
22.7982
21.6666
22.8676
22.6398
17.7508
12.8125
21.3129
23.3077
17.2905
23.4961
4.8218
13.4075
17.4860
20.3804
22.6674
20.2643
22.9749
23.0149
22.1323
20.7133
18.5712
22.4642
21.0238
21.5381
22.8712
20.9811
19.5768
18.5596
21.3129
11.8389
22.8473
21.1054
23.4864
22.0599
22.8304
20.3516
21.0238
20.2643
20.5497
22.5585
18.4144
19.2354
19.3052
20.8114
22.8230
21.5250
23.1817
23.2966
21.5815
22.3698
21.1468
22.2945
20.7666
19.8366
21.1225
23.3771
18.4144
22.7982
23.0844
23.4947
21.4497
22.7857
18.2945
12.3390
22.0964
22.6536
22.2711
21.2662
23.4947
7.5622
9.8523
11.0312
16.4829
19.7405
18.6866
16.9761
19.4084
20.7666
22.6536
19.4084
21.3819
19.7405
17.8798
17.8070
17.8798
21.1468
23.4711
22.5097
22.0043
16.5689
16.2250
19.1185
10.0343
21.2662
21.1054
20.8971
23.5000
23.4521
18.8746
15.8227
23.4976
23.3666
12.7353
18.6866
14.9092
16.2250
21.2662
19.8997
16.7332
20.4939
17.2119
16.3961
20.7666
23.3666
19.8997
20.7666
17.2119
12.3390
23.2379
8.2614
22.7857
23.3920
23.4947
23.0651
17.8798
14.8050
21.4205
20.2052
20.4939
14.4914
18.6866
21.2662
18.8746
19.8366
22.6536
22.7857
20.9227
22.7982
23.4787
18.6866
23.1989
21.3245
19.7405
23.3797
22.4332
23.1125
23.3920
23.2742
19.4932
23.4437
21.2189
22.6536
20.7666
19.7405
21.5490
19.0935
14.9578
22.4332
21.7597
21.6560
23.4147
23.1989
23.3235
19.7405
18.5906
21.6666
23.1989
22.8770
16.6090
22.1853
18.8746
14.8050
19.9777
18.9667
21.2069
22.8770
20.5635
22.3537
20.4939
22.6398
23.4347
23.4987
22.9343
19.8997
21.2662
21.4497
20.6999
19.4932
21.6030
23.2946
23.4787
17.6635
21.7083
21.3591
23.1351
22.8473
23.4147
23.2187
22.2711
22.0964
21.2069
23.3920
18.9849
20.6864
19.2704
20.3342
22.0800
21.9436
19.7727
21.6708
15.5154
19.2704
21.4047
17.9646
9.6105
21.0238
20.5497
19.2002
23.0748
23.2946
18.0901
17.0570
22.3210
19.6362
23.2148
18.9484
23.2379
20.1754
22.3698
23.4555
19.9684
22.3698
16.9281
23.4846
17.7940
14.9880
23.3077
16.7332
21.0487
22.5542
21.3129
17.1653
21.6455
23.4014
17.0428
19.0394
19.4763
15.7455
21.7290
23.1800
16.3807
23.4742
14.1664
21.0238
23.2069
14.9880
20.6322
20.1455
13.9046
22.7730
15.4583
18.6866
21.5815
20.5552
17.9983
20.2052
19.1292
14.2060
21.4273
18.7511
19.6951
18.5790
22.7589
22.3650
23.4589
23.2825
23.0651
20.4119
23.4787
22.7781
22.7589
23.3154
23.3920
19.8079
20.7293
19.9435
19.3845
20.0332
22.4332
23.4475
22.6453
23.4990
19.0575
23.3666
23.1891
20.8427
23.4667
21.9646
23.3797
21.0238
23.3730
23.0863
22.9749
23.4373
23.2085
23.4816
21.3819
23.2037
23.3426
23.4880
21.7351
20.2052
22.1748
23.3666
20.3168
22.3259
22.8119
18.8746
23.4648
23.3259
21.4564
22.9619
21.0586
19.8556
21.2331
22.7945
23.3817
20.4939
22.3423
22.7039
21.3338
23.3740
23.4761
10.8314
23.3166
22.9619
22.0964
19.9373
19.2843
23.3920
23.1571
22.3194
21.8243
22.7211
16.4829
23.4917
22.7857
15.4009
22.7857
16.8943
23.0149
20.2789
23.4981
22.8473
20.9609
23.3666
21.4564
23.4917
13.2988
16.6090
11.9242
14.1664
21.4942
17.8798
23.4880
23.4787
20.6049
23.4822
23.4917
23.1783
21.8103
19.6592
20.8323
23.4667
23.4998
19.8461
23.4251
22.0229
23.4583
22.9343
17.2119
18.3945
18.9959
21.5490
22.7982
23.4997
22.8473
22.1412
14.9092
23.4521
23.4917
13.5503
22.6188
17.4860
23.3968
19.2354
18.5906
23.3077
20.9609
18.8746
19.4932
17.2119
19.6592
22.3938
23.0892
18.0901
20.9609
23.4947
20.6999
21.9854
23.4251
22.6536
16.6340
22.0599
22.8473
23.4973
23.4147
23.1422
19.5768
23.1571
20.8192
21.4497
15.4411
17.8070
18.7246
17.2119
21.2331
22.5247
23.3771
17.3043
21.7433
21.7433
22.2711
22.6075
23.4947
17.1184
23.4475
23.2226
18.8746
20.9736
19.6428
23.4996
23.3574
20.4375
23.4981
21.6666
21.3591
23.3837
22.0964
19.0213
21.4497
23.1571
22.8230
20.8114
23.3771
20.2052
22.8864
21.4295
20.4004
17.9520
21.9417
21.8757
23.4147
18.2419
20.5856
18.8746
23.1422
23.1850
19.8997
16.6340
23.4896
23.1280
22.4332
23.0252
18.0067
19.1648
17.9223
20.1455
23.1907
22.8945
20.8192
22.7982
21.6030
22.2711
22.3537
16.7332
10.0343
23.2742
17.8798
23.4147
16.7332
21.7083
19.8997
20.4939
20.8971
21.0238
21.3819
23.4976
22.0964
15.4009
22.2711
20.0546
21.8103
21.0238
20.6322
15.6844
22.7211
18.6866
23.3077
23.3077
19.2354
21.7083
22.5097
20.7666
22.9061
21.7083
23.4787
17.2119
15.6844
0.0000
23.0967
23.2124
18.6866
22.0359
13.8293
13.8293
23.3077
21.4942
19.8997
23.1571
11.0312
21.9089
18.0901
18.8746
23.0149
21.4942
23.4987
16.4829
23.4947
19.2354
23.1571
16.4829
14.4914
21.9089
20.8971
18.0901
13.1149
23.3920
20.6322
20.3516
15.1079
23.4347
17.8798
8.6881
19.6592
21.3430
7.3074
23.4787
23.3484
17.0570
13.8293
20.8531
20.1304
8.6881
22.3811
17.3273
22.5832
5.5509
23.4711
9.8523
7.8079
21.0238
22.3811
22.9619
22.9619
19.3501
14.9578
9.1037
15.1079
12.0674
23.4711
13.5997
5.5509
20.4939
20.8531
20.7666
22.8070
9.4868
22.9619
23.0967
22.1554
22.5832
22.0359
18.2256
15.3024
21.1054
23.4852
19.7951
23.0967
23.4282
23.2379
22.9972
20.2052
18.7511
15.8666
19.3501
8.6881
17.6635
7.3074
0.0000
6.7823
23.4852
22.4332
11.1896
22.3259
18.4932
23.0967
22.2148
11.1896
16.2250
22.4841
23.3666
17.2119
16.1196
22.4642
19.7951
12.2001
16.9281
19.3742
18.3347
20.8713
21.0238
22.7982
23.4822
20.9406
20.6594
20.3804
21.7495
20.1455
19.8997
21.6666
18.4144
18.8000
18.5712
19.3501
22.0599
23.3666
15.7953
22.6674
15.9047
7.1056
21.6243
18.1725
19.3052
20.5497
14.2324
21.7495
23.2811
16.3291
17.8798
22.9835
16.0128
14.7431
19.0935
18.4932
19.9622
19.1185
11.3088
18.0901
22.5542
18.7246
18.8000
21.8303
20.3804
18.1725
13.2624
20.4939
21.3129
16.0503
23.1741
23.4310
21.1225
20.1545
11.9242
23.0046
21.8303
19.6428
18.3347
20.4939
19.8366
17.7508
20.7666
22.6823
18.0443
18.3627
23.1907
17.2119
21.8600
13.8293
21.1176
17.8242
22.0507
22.2062
23.2093
23.2657
22.4719
22.1958
21.8875
23.4997
21.4676
21.9665
21.9089
20.6485
23.3730
21.0561
19.1931
21.4452
22.4642
21.4942
23.4987
22.8770
22.6188
20.3804
23.4037
18.7132
22.2148
22.4332
15.8227
19.3225
22.1554
18.2419
17.9308
16.7332
23.0543
19.7405
23.4409
21.9089
20.2789
20.2789
23.1244
14.8050
23.1682
22.9888
22.6370
16.2250
20.7982
18.7322
23.4019
18.5401
23.4565
19.5468
23.3160
20.9962
19.5033
23.4999
23.4194
22.0764
21.9911
15.9967
17.7247
20.0911
20.5552
21.7310
18.7132
21.0660
19.5201
17.3638
23.4321
17.5886
23.4711
23.4282
20.3718
19.4323
17.2119
23.2790
22.0654
23.2886
18.8746
17.4725
16.4829
16.3961
23.2379
19.8461
20.3516
19.8461
23.1989
21.0238
16.9761
22.6075
17.8499
23.4787
23.4822
21.7433
21.1468
21.3059
15.9589
17.7377
18.4381
22.9972
21.5316
15.5890
23.0929
23.4521
19.5201
16.7332
22.7434
23.3484
15.1079
17.5886
23.3284
23.4475
23.1850
18.1602
16.2250
17.8798
15.5438
22.0359
22.4332
23.1125
21.5879
22.0043
22.8267
23.1316
21.5316
22.1483
21.4295
22.6985
22.1853
22.3259
21.8698
23.4998
18.8746
23.4147
19.0935
23.3756
20.3226
22.3374
22.6075
18.2540
22.9175
22.9175
21.8698
13.2184
20.9227
23.4648
22.2711
23.3574
22.1323
22.4596
14.2324
23.1716
21.5815
23.4998
22.5832
21.1710
22.8473
21.9474
11.1247
16.9425
23.4966
22.8230
22.6300
18.1725
18.6483
23.4521
22.6985
18.0192
19.0213
16.6490
15.9589
19.0575
22.7211
22.4018
23.4565
19.6428
15.4583
22.4992
21.0238
18.4144
19.5768
23.3444
22.6117
21.7372
22.6674
18.5712
22.7211
18.7662
21.6729
22.9972
23.3444
20.9811
22.7538
22.4780
23.2671
23.3077
22.9061
21.7760
19.7179
23.1989
22.4947
21.4497
22.8676
18.4932
13.9453
18.8746
19.5301
21.3059
18.6866
15.6844
23.3590
23.4927
22.9061
22.6032
21.1054
23.3666
22.7052
18.0192
18.3786
18.7511
23.3666
22.9433
19.6330
19.7951
23.0077
23.1691
16.5689
20.3313
22.5832
21.2260
18.8746
22.2711
20.5856
20.7293
23.4711
21.8103
18.3627
17.8499
16.9761
11.9242
21.3819
19.3501
15.8666
21.5316
19.5201
22.2711
23.4947
23.4906
22.9771
17.6635
17.0760
19.6853
23.4994
23.4822
17.0570
18.0901
23.4787
20.4119
23.3284
20.7666
17.1466
22.1730
23.3666
18.7322
23.0651
23.4814
20.9937
19.8079
23.3920
23.1932
19.5201
23.1716
19.3052
20.3516
16.1196
23.1571
20.3226
22.9619
23.2124
21.0238
20.8192
22.2711
23.0454
8.7755
22.7982
19.8366
23.1396
22.7473
22.0229
22.6398
22.1678
21.3430
23.4640
19.9622
20.5497
22.9254
22.1678
18.8746
21.1054
21.0734
15.6844
20.6322
23.1850
22.2027
17.0238
23.2946
21.3591
22.9433
20.1455
22.8473
17.1184
23.4923
23.1571
19.7081
22.3045
21.3591
22.1678
20.0851
20.7133
22.4332
23.1571
23.4923
22.8676
22.6674
23.4923
22.9399
23.1216
22.4642
22.4332
18.1602
12.0087
23.3326
21.0734
20.8192
21.3129
20.7133
23.1907
14.7431
20.2554
23.2859
23.3204
23.4787
21.5381
17.6635
20.6891
19.9901
17.4725
23.5000
18.7662
17.3456
22.7589
19.7631
16.5184
22.8304
19.1328
19.5768
22.7538
22.7538
18.3226
22.5350
22.0709
22.1975
15.8666
23.3817
23.1571
21.0956
19.5768
23.3284
20.4939
17.0570
23.4994
21.1468
20.7079
21.8442
20.8531
20.8427
21.4295
23.4373
23.4667
19.0575
20.1063
22.3875
20.8531
21.0238
21.8342
21.9722
23.0651
21.1878
15.0242
23.0149
20.3313
22.9433
23.3385
21.4942
23.2156
21.2662
22.7211
20.6783
23.1060
17.4410
23.2505
21.3430
22.3537
21.1054
23.1014
23.2505
23.0514
20.9811
22.9619
21.5316
23.2249
20.8114
21.9089
23.3666
17.1466
21.5664
22.8676
22.7025
23.4816
16.0503
17.2119
22.1270
22.3811
21.3338
22.1853
21.7331
18.3627
21.8103
22.2286
21.8757
22.5629
23.4787
22.6440
22.4332
22.9771
19.1754
17.7377
23.3574
23.2124
19.4662
23.2045
19.4932
23.4409
19.5768
23.1716
22.8980
23.5000
22.5350
23.3077
20.2052
21.7760
23.4267
22.9771
22.3259
20.4460
22.6985
20.0760
23.4987
14.5992
23.2379
19.6853
19.6231
22.6985
21.1152
23.0651
21.6833
18.0901
19.5201
22.8267
21.3430
23.2249
22.6633
23.4891
23.1316
16.3291
22.8945
23.0454
22.4113
22.1323
22.9175
23.0651
22.4642
22.1678
22.4113
21.4295
13.5997
22.2711
20.0546
17.4725
22.9254
19.1754
18.6214
21.8243
23.3284
21.9722
22.7857
21.9722
18.9959
21.8757
23.4816
18.0318
20.8009
22.7211
21.3659
16.2250
18.6368
18.8112
23.2379
21.9722
22.5629
16.6490
16.3961
18.6598
21.7433
19.0827
23.4947
23.4852
21.9089
22.0654
23.4947
22.1412
23.4347
22.3811
22.6440
20.4939
22.7395
19.5201
19.5768
17.2905
18.8746
23.2124
20.6891
15.5890
22.1270
19.8079
21.7433
22.8676
22.5832
23.0815
23.4620
19.5768
8.4454
20.5746
22.8473
21.9722
21.5879
23.4620
23.2790
21.7760
19.6330
19.8079
23.4931
16.6490
22.0964
21.9646
21.4205
23.4981
16.8312
23.4987
23.4816
22.3698
23.3326
23.0454
22.7473
22.7211
21.9089
14.8050
19.3052
17.4860
20.8713
19.8366
23.4991
23.4880
15.9589
23.4998
22.1323
18.1725
22.4841
22.6398
20.0546
22.7211
22.4596
23.2671
23.0046
19.5100
18.0901
22.3650
23.3077
19.2354
22.3374
23.1571
23.0252
20.4939
21.9089
23.2379
21.0734
18.8746
21.1468
19.8997
23.3326
21.7901
21.8698
22.4947
21.1710
22.7473
15.3431
23.4987
23.3590
22.8712
19.3052
17.1184
22.6945
20.4939
21.5815
18.9959
23.3872
22.9835
23.4218
14.9880
22.6117
22.8230
23.1571
21.3430
22.2337
22.3938
22.9930
19.4797
23.0221
23.3507
23.0221
22.0433
23.4321
23.4787
23.4667
22.1162
21.6307
20.6648
18.7511
20.1635
23.4565
19.5301
22.9129
19.4084
22.5409
20.7320
23.0787
16.1355
21.6833
22.6878
22.4550
22.3731
22.9619
22.9619
18.6060
21.8521
19.3363
23.4424
19.3225
21.6791
22.9377
13.8293
21.9089
20.0911
19.4323
23.4718
20.8971
23.4997
22.9499
23.0046
23.1316
21.9911
20.0332
22.6453
18.1930
20.4939
20.7079
21.7083
21.3979
21.7760
21.6307
23.2505
21.5250
20.2052
23.1351
22.8980
21.9302
17.4410
22.1625
22.8864
22.7211
21.0238
23.3507
23.3426
15.7621
22.4332
21.6030
17.8798
21.8816
21.8442
17.0570
23.1571
16.3756
23.4019
19.4662
14.3822
19.4084
23.4880
13.8293
15.4411
12.0674
22.8817
16.8943
23.4994
14.3822
23.1316
22.9619
23.4852
22.3811
21.3430
20.7213
23.3756
21.3979
18.7662
14.9578
21.1054
23.4218
22.7434
19.5768
16.5689
19.5768
23.4822
23.2379
23.4911
23.2156
23.3756
18.9373
10.7151
22.8641
23.4521
22.9299
23.4310
21.1225
18.2662
20.9227
22.6117
20.7666
22.8712
22.9175
23.4981
22.2027
17.3043
12.9650
23.4828
23.4947
22.1853
22.9254
21.3129
23.0844
15.8666
22.0964
21.7495
22.9835
17.5753
23.4947
22.6878
21.2189
16.2250
22.2286
19.7727
20.2052
11.6658
22.6878
19.9777
22.5832
22.0507
22.6536
20.6999
23.2913
23.1989
19.5768
22.2371
13.8293
17.6635
20.7666
21.3245
23.2913
23.1351
15.9589
17.0949
15.7787
17.8798
15.5438
21.7901
20.4939
21.0858
23.4231
23.4597
22.2286
22.9803
21.4385
19.3052
23.3077
23.1783
21.8600
22.6945
23.2249
23.4251
23.4837
23.2379
22.3938
22.3811
23.4880
11.8389
19.5768
20.8531
18.9667
23.3771
21.1225
21.8103
22.5468
21.8698
21.4497
20.6999
23.4917
23.0404
21.3245
23.3326
23.1850
21.5490
20.8531
23.1280
22.8070
22.7211
19.2354
18.4618
16.4524
19.3742
20.9962
21.7310
19.5401
22.3210
17.9054
20.9125
22.6453
18.6330
18.6636
17.8242
19.9311
21.4273
17.6635
15.9264
16.2824
18.7322
21.5599
22.7356
14.9092
23.4957
22.5673
22.2912
17.0000
23.3771
19.0791
22.0155
19.5401
23.0323
14.9759
18.0901
21.6812
23.4448
23.3612
19.7951
20.7320
21.0734
23.3484
23.0434
23.0434
21.7536
22.7065
20.4318
20.6485
23.4947
20.8531
20.8816
17.2119
22.9738
22.2711
17.1653
19.9684
22.1162
20.5856
18.9153
19.6494
23.3546
22.0562
23.4194
16.8555
22.3439
20.9685
22.0359
23.4937
21.8875
15.9589
22.3634
19.8461
23.4896
23.4521
17.2905
22.4332
21.6243
15.6844
21.2189
14.3822
21.0734
14.2782
23.4787
20.6049
23.4455
16.4473
17.5753
15.0061
22.9254
19.8366
23.4787
23.4987
19.8997
21.7901
23.4060
22.7434
23.3666
15.0061
14.8664
13.5503
21.3591
22.7982
19.7727
21.3129
20.1545
23.4310
16.8312
23.4282
17.6635
20.9406
23.3385
22.1323
17.5753
23.0967
22.8712
23.4384
23.3872
19.0213
22.0599
23.4583
22.6075
22.4332
22.5097
23.1817
15.1079
22.4947
21.7083
19.5100
22.2148
22.9835
16.5336
19.7951
22.6244
17.6635
23.1014
23.5000
15.9047
23.0404
19.4084
20.4939
19.6592
22.9619
13.9994
19.5768
22.8473
20.6783
12.6025
22.9619
15.9589
22.9972
22.3537
22.8770
19.3225
22.4332
21.7083
20.3023
19.3225
18.0901
23.2124
20.7666
22.4719
22.6769
16.8943
23.2946
16.4829
18.6214
22.9972
12.0674
20.4939
19.5768
17.0570
22.2711
20.6783
22.6769
22.0359
21.4205
22.8070
22.6300
15.8666
22.4332
16.0930
19.4662
17.5174
23.4147
18.8746
23.4711
17.0570
19.3501
20.8713
14.6996
19.7951
23.4852
14.9092
23.1280
21.3430
23.3077
7.9205
16.5689
12.3390
22.5350
21.8103
19.8997
22.6769
22.3537
18.1930
20.8531
19.0575
21.2662
23.3077
16.4829
21.4942
21.9854
23.0939
14.1664
19.7211
22.0415
23.4726
23.3204
23.4890
23.4667
23.4998
22.7982
18.6099
21.3129
18.2702
22.0359
18.9959
21.3956
23.0354
21.5750
22.0562
21.8103
23.4620
22.7211
21.0858
19.0104
23.2913
23.3314
18.9667
20.8427
23.1180
22.8629
21.5772
19.1328
22.2148
18.9959
20.2052
23.4880
21.1176
23.3154
23.4711
23.4987
23.0892
19.4493
16.8555
19.8997
23.0404
23.1571
23.1571
23.4738
18.6598
22.5291
22.1180
22.9835
14.4080
18.3427
20.7982
22.8864
20.7373
18.4460
18.5906
19.3639
17.5753
22.5350
18.5906
21.1878
23.3385
21.7597
18.2093
22.8641
23.4231
20.2554
16.0930
19.7405
22.4719
20.9736
14.9578
23.0149
19.4425
21.6030
17.3273
10.9366
10.5475
18.5906
23.2742
21.7901
22.2286
21.5316
21.1468
18.5906
23.3235
23.1351
22.4947
22.9835
23.4998
23.0046
17.4410
21.0238
22.0043
22.8770
20.6999
22.0043
15.5438
21.4942
19.2354
21.7597
17.9223
21.8600
22.2286
22.7538
21.8698
23.2379
21.9089
20.1304
18.2945
17.8370
23.1396
18.5906
23.3077
20.4939
20.6322
16.8555
18.8746
23.3077
22.1853
19.7727
20.3516
23.2913
21.8600
23.4994
22.4719
20.3804
13.8293
15.5438
19.5100
17.4410
23.0404
22.4719
19.2354
19.6592
20.2052
22.0229
21.8698
22.0599
21.7760
22.8267
23.4693
23.3204
17.8070
22.4332
18.8746
14.2324
22.4719
23.2379
17.0238
13.4075
22.5542
14.9092
20.2052
23.4896
21.8698
23.1396
23.3872
23.2886
23.3077
23.2069
19.2354
21.3059
23.4409
16.5336
16.2250
15.6844
23.4373
13.4075
23.0651
22.9175
18.7246
19.3742
7.9900
20.0851
21.6030
20.3313
19.9529
23.4947
23.1351
15.1079
16.3549
15.6844
23.4251
20.8971
12.9271
15.9589
14.9578
21.6560
20.3516
22.1853
19.8997
22.9888
10.2949
20.5635
19.8997
12.9650
22.6188
15.7953
21.7083
22.8473
22.8770
17.0949
18.0901
22.8230
23.3385
23.3862
23.4992
23.4437
13.9046
22.8316
21.1225
23.0014
21.7760
20.5275
23.4437
20.7666
21.9722
21.2141
23.4561
23.4100
19.9684
20.7956
17.8285
22.4519
23.3484
23.4409
22.6188
18.6866
22.7065
23.4282
22.0727
20.6783
22.3537
23.2093
19.3879
17.9983
22.2711
22.9619
23.2825
23.2933
20.3342
17.3866
23.0149
20.3226
21.7536
20.6322
21.5184
21.9089
22.0964
23.1571
19.1967
23.4202
23.4814
22.4841
22.8473
20.3023
22.2079
23.0404
22.3986
21.9817
18.6060
21.4720
19.2354
19.9373
23.1850
22.9972
20.6999
23.4651
23.1665
17.4995
23.4961
23.4911
23.1571
22.5658
21.4942
21.1468
23.2187
20.7133
20.6999
21.8303
17.1325
17.2119
16.7332
20.1304
21.8600
22.9254
23.3385
20.9609
19.2354
19.4084
22.5097
23.4947
21.2189
12.1340
18.8746
22.7538
23.4251
17.8798
19.9777
20.9736
19.1470
22.0507
18.8746
12.7353
21.4385
21.8103
18.1930
23.3077
17.9857
20.8323
20.1304
23.2379
14.4914
22.1678
16.2250
22.4719
23.4987
23.3235
12.1340
23.4947
20.4375
17.2119
14.1664
22.3045
19.2354
22.3374
15.5721
23.2671
23.4864
21.8600
14.3304
23.4880
13.4792
20.3516
22.9619
22.0507
23.4880
19.8207
13.5997
19.4932
23.4787
23.4787
23.3529
21.9089
15.6844
22.2148
15.1732
22.5007
16.1566
23.0651
20.3023
22.2525
17.4410
22.7857
22.6878
23.2469
14.5613
23.3385
19.1470
22.6536
13.4362
22.8712
22.7932
21.2662
22.9760
21.2943
18.9667
14.6746
23.1244
19.7211
21.3522
23.4302
19.4797
23.3920
16.6639
18.4421
19.4084
23.1682
23.4932
22.6878
21.7372
18.4065
20.0024
22.8864
20.7320
23.3891
22.5291
21.8836
23.4555
21.0858
21.1152
20.4939
23.4994
23.2564
15.1732
23.4597
14.9335
22.7538
22.2711
22.4534
22.6356
21.6030
16.0235
23.3259
14.4914
11.3724
19.7951
19.5033
23.4409
20.9912
23.3235
22.4780
16.9136
23.4667
21.8521
14.3304
23.4837
23.3740
21.9359
22.2711
20.1635
21.5250
23.4996
20.0546
21.1782
22.7025
15.8447
22.6244
22.0709
23.2693
23.4900
22.3811
22.7395
23.3862
22.5629
17.0760
23.4686
21.1298
17.3821
23.4147
18.5440
23.2505
23.4787
17.4093
13.8293
23.3235
20.4939
22.6244
19.2843
18.8299
19.8997
18.3786
23.4990
18.3226
20.1694
23.2593
4.3969
21.3059
23.2045
21.0956
20.1545
22.0043
21.3059
19.3225
15.8666
23.4987
19.0140
20.8427
22.5097
23.4409
21.4942
18.2945
22.1554
22.4841
23.4574
21.3059
19.7405
22.4332
23.3756
22.7641
23.4749
21.5664
22.4841
21.8442
22.6769
21.5250
23.2379
16.9136
22.5202
20.4119
22.9619
20.0148
19.4493
23.3862
18.0318
16.8555
20.9887
17.5352
20.4119
22.6918
22.7025
18.8746
23.4521
22.7343
20.1063
19.6853
23.1125
23.4485
21.3956
22.3537
14.8786
22.7369
18.5362
18.9667
17.5530
21.5206
20.5856
23.2469
20.4939
16.8750
18.8746
23.0815
23.4896
22.2079
21.9089
23.3507
19.6330
22.1730
16.8166
21.8442
23.3735
23.3344
22.4550
22.9972
21.9417
21.1468
22.3811
16.1355
21.1298
23.2742
22.3194
22.6075
21.3819
19.5201
23.4424
23.4891
20.7213
21.4295
22.8864
23.4437
23.0651
22.8676
23.2226
20.2789
19.0575
23.4987
9.6772
9.2569
10.2124
15.2086
17.3043
21.6729
22.5097
23.2069
21.9089
22.0043
18.9263
13.3569
19.5100
13.4290
14.6996
23.4816
23.0651
18.1725
23.3557
22.3128
23.1216
20.8531
21.7083
23.2226
23.4947
22.3698
22.5350
21.4564
15.7953
22.7434
17.5753
21.0734
14.2782
17.0570
22.7730
21.9474
21.4653
21.0734
23.4693
22.0964
23.4060
19.7081
23.1125
21.6243
22.8712
23.4384
23.4310
15.6844
18.8000
23.4218
17.6018
23.1216
23.0967
23.0046
20.6322
17.7508
21.7433
19.3501
23.3344
16.7332
21.5815
21.2260
22.7538
20.0546
21.4942
18.3347
22.3045
23.4597
16.0503
23.2379
21.7083
23.0046
19.2354
20.1455
23.0844
20.8713
23.4073
18.5712
17.5753
20.0760
22.1853
18.7246
23.4060
17.9223
23.4060
23.1571
18.0067
17.9520
22.4113
22.7641
22.5832
22.5542
19.0935
18.4932
16.3291
18.6214
19.1648
22.2711
22.0964
23.4310
15.5721
22.2148
22.2711
20.1455
22.8473
23.4991
23.3968
21.0586
22.8473
23.0221
19.8997
19.5100
23.1396
19.5201
22.4332
18.6214
22.8230
19.8997
18.1725
22.8712
22.3374
22.0359
23.4923
18.8746
23.2671
22.7473
22.6398
20.3804
23.3771
21.2189
22.6536
23.2379
22.0964
18.6866
11.0312
23.0323
22.2371
14.8050
19.0213
15.9589
23.4329
22.0800
21.2189
18.2134
20.5635
22.5306
22.5247
22.6810
22.9175
18.6866
20.5247
22.0562
23.2037
20.0024
21.8659
21.4205
22.3811
23.4765
21.0784
15.1851
19.8997
19.7081
20.5774
19.2739
21.7495
23.4239
19.1042
23.1475
21.6666
20.8375
20.4629
23.4921
23.4841
22.5007
23.2124
23.0651
22.9433
23.4964
21.6624
23.0252
22.5022
22.1678
19.1967
22.3843
18.5440
19.6132
21.9930
23.4147
23.3216
23.3350
20.4004
21.9665
23.3141
20.4233
15.7400
14.7679
15.0482
20.5856
20.7079
19.6132
21.9282
17.5441
19.3742
22.6258
20.1154
21.7083
21.4698
21.8659
15.0362
17.5174
13.7118
22.4780
21.6391
21.3659
22.4596
20.1063
20.5414
23.2037
16.3136
22.2711
19.8619
21.2989
6.4937
21.6833
23.0863
21.2260
21.2331
23.4609
22.8864
23.4711
18.7132
21.9417
22.3128
20.0332
20.9406
22.4841
20.4119
23.4911
23.4409
20.0760
22.3811
23.4947
20.7213
23.2124
23.4424
18.6866
18.3427
23.4147
15.8666
13.7118
22.1483
22.1554
23.4880
22.3650
20.5414
21.6729
21.9911
19.3501
20.8531
22.0359
23.1817
22.4113
23.3590
23.0651
22.1270
17.4410
21.0238
21.1054
20.2906
22.1216
19.2354
21.9417
22.6300
22.9619
22.0433
22.8676
23.4001
19.5768
15.1079
22.1412
23.1989
22.3938
19.0104
23.2707
23.0149
23.4974
21.6812
21.7982
23.0077
23.3160
23.4970
21.2355
19.5768
23.0651
23.2657
22.3811
23.4395
18.4932
21.5815
22.3731
22.2337
21.2426
22.8169
22.3341
21.4092
20.1395
17.9857
22.0174
19.8997
21.4942
20.1545
23.3154
22.0709
19.8997
18.7132
23.2483
23.4019
21.3659
23.3817
23.4973
22.6032
20.0332
23.2913
23.4880
23.2913
22.4992
21.7597
22.7395
20.2466
23.1351
23.4424
20.4939
23.4095
20.2052
23.4931
23.4844
21.6791
22.9888
23.2913
19.4323
23.3596
19.4493
15.6059
22.0964
23.4976
23.4147
21.5250
20.8035
22.9619
23.4983
18.6598
23.0484
22.0654
20.0024
22.0709
15.0061
15.6059
22.1270
23.4787
18.9373
23.0149
10.7151
11.7787
18.5596
22.0043
23.4686
20.4119
15.7621
18.0901
17.8499
19.4323
20.9887
20.9150
23.4869
10.7151
10.3765
16.2250
17.9096
23.1060
19.2948
14.1664
17.9688
20.9609
18.6214
13.7118
12.1340
17.7377
23.4073
11.7787
18.0901
19.8461
11.3361
12.2001
20.5856
23.1932
15.5211
20.6891
19.5033
17.8070
22.9299
15.0061
15.2086
13.8293
19.2948
22.7945
19.6853
22.2491
10.7151
20.4939
13.8293
18.8746
11.9242
18.9189
19.0575
22.7211
17.2905
13.1149
23.3484
13.9994
19.1577
14.4914
17.2629
23.1378
19.5033
17.1090
20.5856
22.2337
20.7956
20.6783
17.3043
17.4995
19.5401
20.0729
23.3771
23.4994
13.8293
16.9473
20.0240
16.1724
17.9983
17.6151
22.2027
23.4974
23.1850
21.2662
13.4362
23.0323
17.4860
23.1280
19.5033
19.1648
23.2069
21.5184
23.3006
20.7666
19.0791
11.0875
17.0048
22.4947
23.2542
21.9474
23.4828
18.7511
20.7666
19.7951
22.5832
19.5768
23.4409
23.1484
20.5191
22.0964
14.6621
20.1063
20.2378
20.0699
23.4976
19.8997
22.7857
21.8303
21.0537
22.1853
19.7405
21.0784
23.4947
16.7332
22.5007
21.0512
22.3811
20.5994
20.1184
18.0901
20.4545
23.4347
19.6330
18.0192
21.2662
19.2948
20.6512
21.8757
22.5832
23.1125
20.9811
20.2052
20.4004
17.3638
23.3574
23.4073
21.9722
23.3077
21.7678
22.8267
22.9061
18.6214
21.4205
23.2622
20.1635
17.3456
23.4994
19.1861
23.4869
21.7760
21.1878
23.4927
22.5832
23.5000
23.2593
18.9373
19.4084
19.1754
22.6985
21.6391
23.4465
23.3077
23.0815
22.0285
23.4424
22.6769
19.9435
22.5585
19.6330
21.7083
20.3023
23.4282
21.7760
23.4891
21.6030
22.1554
23.4987
20.9150
20.4004
23.4667
23.4437
22.0964
20.1184
21.8103
19.8079
20.4460
19.5768
21.9089
19.3501
17.2905
20.0024
12.5710
11.9242
19.4323
21.5577
11.6395
19.7179
20.4004
16.6490
23.4787
14.5992
19.1861
21.7372
21.4942
22.8864
21.1637
23.0967
13.7118
23.4852
21.8757
19.8461
22.2148
19.5301
21.4205
23.2966
17.3638
16.1355
18.4500
22.5350
17.8070
18.2945
23.3574
23.3920
22.3811
17.2119
23.2249
22.2711
18.9959
23.4667
23.2505
23.0929
19.9777
21.0660
20.3516
22.4596
19.8461
16.5184
21.4631
17.5886
21.4385
21.3659
19.1185
16.2250
22.9433
23.4321
12.6025
20.1063
23.4973
22.8267
23.2564
21.9089
20.0546
16.6490
16.2250
18.0901
23.4455
18.8112
18.2540
23.0046
17.9857
12.9271
22.3537
22.3938
23.2379
19.7081
16.4829
23.4437
18.8746
22.6536
19.3225
19.7405
23.5000
22.8169
16.6090
23.1125
20.7666
21.7083
23.4880
17.3273
23.3920
22.4018
22.7211
20.7666
18.2945
16.5336
18.5906
21.9089
23.4787
23.4987
23.3077
20.9227
23.1783
18.8746
15.4009
23.4880
18.6866
23.4787
23.0149
19.6592
22.3128
19.3225
22.1412
11.2632
23.4731
17.0238
20.2052
23.4731
16.2250
23.1783
23.3920
23.4787
22.8070
23.2742
16.0930
22.8945
17.3273
23.4864
22.0507
16.7332
21.3245
23.4970
22.0043
22.0229
20.6049
23.4837
23.2187
21.7495
23.0651
19.9311
21.6136
22.6619
22.1748
14.8419
23.1032
22.7065
17.4138
21.9930
23.3725
23.4857
19.9311
13.8293
13.5219
17.6151
16.5689
22.3439
23.1741
22.8581
22.9499
23.1413
23.1070
17.3501
20.9304
22.5350
23.4999
23.4589
21.0462
17.1090
17.2119
22.9738
23.3204
21.2141
19.5435
23.4979
23.1032
19.2808
21.5425
22.8032
21.2662
22.1501
19.6066
19.2948
18.3746
18.7925
18.4579
13.9114
23.4051
23.1180
22.9129
20.7666
21.4205
21.6455
14.5613
20.0729
22.5439
23.0939
21.9302
15.6844
19.7727
22.5350
23.3666
22.5989
18.1314
19.3913
17.6635
23.2913
21.8002
20.1154
19.6198
23.4983
22.9343
13.3569
18.0360
23.3344
17.3957
23.4711
22.3986
22.0267
21.7372
21.0956
20.8971
19.4932
23.4711
16.8750
22.5832
14.0867
23.4686
11.9835
23.1571
22.2217
20.0729
20.9937
18.4381
22.7025
21.9089
20.8790
13.9994
23.3954
17.9688
23.3077
22.7382
21.2662
22.7211
23.2859
23.4521
23.4947
13.8293
17.6635
23.4934
21.0586
19.3639
17.7897
23.2700
20.8427
17.5174
23.4993
19.0827
22.9299
23.4731
19.9901
17.6018
20.6131
17.2119
20.3139
21.9570
23.4609
16.4473
23.2593
17.4725
19.7179
18.2702
23.2832
20.4545
23.4844
23.4831
22.7211
20.3516
18.9813
14.4914
21.2662
22.5097
21.6666
22.3537
23.3077
22.3374
21.9089
20.4939
18.6483
21.7083
21.7083
22.6945
20.5635
20.4939
19.9777
15.6844
23.4947
22.5468
15.6844
21.7083
20.8323
20.7666
20.7666
23.0651
23.2811
21.9570
20.9609
20.6322
19.3501
22.3698
22.6878
22.1323
20.5414
21.7083
23.0651
22.9888
23.4997
17.8798
19.3052
23.4251
21.7901
21.8103
22.0043
22.5097
23.4981
23.4787
16.3549
22.7211
18.4932
23.4787
22.3128
22.9399
14.7431
23.0844
22.1412
21.4942
23.2187
21.1225
21.8600
22.8770
23.4251
20.4939
23.1989
22.6674
22.3698
22.3698
21.6666
23.4437
22.3374
23.4521
19.5768
23.4073
20.0546
18.3627
7.5622
16.8166
23.4609
17.4410
23.3166
23.4976
18.0192
22.3537
22.5832
22.1554
22.8070
21.2662
23.3185
23.3666
22.7641
23.4963
17.9096
22.0654
21.1878
21.2260
21.4942
22.2423
22.3811
22.2423
16.5689
9.1037
21.4564
23.4994
22.6536
18.8746
23.4987
22.5202
23.1850
23.1716
19.9901
23.2742
19.1185
20.8971
23.1422
21.2260
20.6512
21.0660
17.8798
9.8523
17.4410
22.6823
20.1063
21.6391
21.0238
23.4852
21.5664
22.3875
22.4332
21.9722
21.9089
20.3516
22.7211
22.6931
23.1234
22.3811
19.1754
23.4592
15.3778
22.6244
22.8747
22.1234
19.7951
21.3545
17.0570
16.0503
22.5276
21.2473
23.4983
18.8449
21.2849
13.4218
23.1369
21.2307
23.4243
20.3285
20.7666
20.9278
18.8112
18.5245
17.9604
21.9968
23.4911
7.9205
19.2354
11.7094
12.8967
14.7555
23.0583
21.6917
21.7760
21.6603
19.9963
18.9042
20.0424
22.1607
23.3666
20.7453
23.2926
22.2320
18.7018
20.4939
18.9593
13.7118
21.1661
23.0149
23.1956
20.1365
19.4730
20.5580
20.8971
22.6905
21.7392
20.5163
21.9417
14.8050
18.2783
22.4457
21.2662
19.1470
22.2845
14.8786
20.3919
23.1571
21.9263
19.8997
15.7621
23.4816
23.4787
19.3501
23.3954
20.2906
16.3549
23.3077
16.7970
22.4916
21.7331
20.8009
23.1244
22.0285
23.4997
18.6866
21.2069
20.1665
18.3226
23.2187
22.8328
17.2119
23.1466
22.2217
21.8342
22.8911
15.3605
21.8836
18.6866
20.6675
17.4410
21.8342
23.0149
20.2466
22.6018
23.3385
20.4545
23.0892
13.5290
23.4987
23.2999
23.4992
16.4829
14.6746
17.9308
23.2657
22.7538
23.4880
17.0949
22.0043
20.3139
22.7538
18.9667
18.4421
20.6675
23.2469
20.8661
20.3168
21.5228
10.0343
17.7897
23.3596
23.0404
23.4558
23.0025
17.4725
15.0302
23.4859
14.5803
23.4970
18.9189
16.1355
23.4632
21.8342
23.1234
19.0575
22.6878
22.3938
23.4933
23.1891
21.7331
21.8342
19.1861
21.6560
20.0942
23.1234
19.7016
19.9901
21.2989
23.0514
17.4093
16.3136
20.7293
23.1449
18.0318
19.3845
17.1466
17.1466
16.9425
22.8641
18.0318
18.0318
14.8050
23.3077
23.0077
20.8790
19.9529
20.3313
22.6440
23.1932
16.2980
15.8447
18.0318
14.5803
23.4686
23.3507
19.9901
19.7631
22.8473
18.8746
13.7326
21.4295
23.4996
22.0174
20.0332
22.2474
21.4942
23.4019
22.6633
18.7511
17.4725
19.6231
15.0242
16.3756
22.6633
16.8750
23.0221
22.4780
22.7211
22.0709
20.6322
18.0901
22.2945
23.1817
20.2052
21.4295
21.8521
23.4147
21.0238
13.9250
18.9813
19.8556
17.6018
20.9887
20.5746
23.4947
22.4992
22.2474
18.3226
21.2331
23.4206
22.7589
23.3886
23.2272
20.6512
21.2662
22.5989
23.4561
22.5097
21.2379
23.4812
21.0238
22.8007
23.1883
20.7320
21.5879
19.7405
22.6536
23.0272
22.7705
21.3819
23.4970
22.1412
22.9477
20.5635
23.2476
19.0140
18.6866
23.4859
23.4437
21.2379
20.4233
16.7332
23.0892
18.5906
22.0507
20.5275
20.8009
18.0360
20.2052
23.0523
22.1180
20.5302
20.0546
21.9817
22.4144
23.2379
18.4421
22.2912
23.3862
20.9937
22.2286
23.4597
21.1176
20.6999
20.5635
19.1006
22.4144
23.4814
22.5097
22.4916
20.9150
21.3338
23.3344
22.1483
22.5832
20.9887
23.4267
19.8997
23.4787
20.0332
23.1691
23.4816
21.7962
23.4321
20.4939
23.2693
20.8790
23.1817
16.2980
22.9771
20.0546
23.0787
22.9771
20.2466
18.4932
21.4942
20.1635
18.8225
22.7945
11.7787
22.9466
22.9299
23.4844
23.4816
17.4093
22.8817
16.2250
22.8980
20.4119
22.8817
14.4914
14.9335
23.5000
22.3423
23.4373
23.0221
22.6440
21.3979
23.2045
17.6635
23.4267
22.9141
21.3659
21.0586
22.4841
14.1200
22.4113
14.4914
22.7025
11.9835
22.0709
20.4004
17.9520
20.9508
23.3557
19.4084
19.7405
20.4004
18.6214
21.2662
21.9089
21.0660
23.4880
21.7433
23.4620
22.7434
23.3284
21.6391
19.9529
20.4004
19.7405
20.4460
21.5815
21.6391
18.4932
22.6985
15.8666
21.8757
23.4465
21.5316
12.8661
22.8864
23.1571
18.0192
23.1989
23.2124
23.4521
23.0651
18.4263
21.0660
22.5350
22.9972
23.4574
22.4332
16.9761
23.4147
23.4906
20.2052
21.8757
14.9092
19.5768
12.0087
20.0024
17.8070
20.4004
19.3501
20.4939
17.5174
22.3811
23.2379
15.9047
20.2554
22.7211
23.2124
12.3390
18.8746
19.8366
16.0503
21.1468
22.4841
18.8746
22.9433
19.4662
20.4460
23.1125
23.3920
22.0964
17.3638
20.4004
15.3431
22.9803
23.3756
23.3185
21.4564
13.5503
22.1270
16.8943
19.4662
20.8114
18.2945
23.0967
20.5414
18.8746
21.8442
21.1878
22.4841
20.0546
23.0967
22.1853
16.8166
12.7353
19.9529
20.1063
23.2505
18.4263
20.0546
23.4711
17.2905
18.8112
21.3059
20.6783
18.2256
17.0570
20.8971
21.0238
19.8461
20.4004
22.9061
22.3537
19.6853
21.4205
23.5000
16.0503
19.0575
23.2379
13.7326
12.8661
20.9811
23.1571
23.3920
21.4205
21.8442
21.1468
21.3059
22.6769
12.9876
12.0087
21.7083
23.4852
23.4976
20.8531
22.2148
21.8442
23.4987
23.4906
23.1125
20.1545
22.5585
23.1989
12.0674
20.4939
15.2086
14.4914
23.0149
19.6853
21.1054
23.4001
13.7118
20.7213
23.4347
23.2124
19.9529
17.2119
20.5414
23.0323
21.6030
22.7211
18.2256
14.8050
17.5886
22.4596
18.4263
22.4065
21.5664
19.1754
22.8676
21.2260
18.8746
19.8461
21.9722
23.4521
22.4065
21.4205
11.7787
22.3537
15.7787
21.3819
22.9254
22.3811
21.2662
21.7083
20.6783
20.3516
16.5689
22.4841
12.4757
23.2249
19.9529
23.0484
22.8676
20.1545
21.7760
20.1545
20.0024
21.5316
20.9937
23.1691
20.8427
23.3590
15.6059
14.4914
19.4797
23.4648
23.0221
22.8641
21.0956
19.2354
17.3456
20.3718
19.9435
14.2126
22.4113
15.5211
23.4321
23.3259
21.3338
18.7662
16.6639
19.8997
15.9210
21.3338
22.9299
22.7768
23.1571
22.6440
17.0570
15.7787
18.2662
20.6783
22.1483
20.5330
15.5211
18.5479
16.9425
19.9435
20.6131
18.0901
22.1216
22.6032
20.2466
22.1975
23.5000
18.0901
20.6131
20.8427
21.3659
18.2662
17.8499
19.7631
22.1216
23.2156
21.6791
23.1571
23.0514
16.7332
21.5879
14.1664
23.4721
14.4914
13.5997
23.2790
18.9813
23.5000
17.2905
21.6476
23.4891
15.9589
19.8556
13.7326
19.0827
21.5879
15.0061
16.9425
12.2248
21.0238
19.0322
20.0332
20.9508
23.2379
16.1619
22.5832
15.6059
22.1730
15.4411
23.0364
16.4473
22.5832
22.8304
22.7395
22.7589
23.1449
20.5746
15.3605
22.5832
18.1479
19.0827
23.4609
16.8750
21.7083
22.7395
21.9646
22.1216
21.2331
21.1637
19.1328
23.3590
14.6746
20.4939
18.9813
20.6131
21.4942
21.7962
19.5768
20.7293
21.0586
22.3875
23.2986
21.1298
20.1184
19.9435
20.0760
17.4725
17.9096
14.6746
22.2217
21.2989
19.5301
19.3363
23.2693
23.4911
23.4900
19.8079
23.4990
23.0787
22.4332
20.6512
22.0964
21.3338
17.9688
22.5202
23.0787
21.8816
18.1479
21.2662
21.5879
23.4437
22.3875
16.6639
17.0333
22.4550
21.2331
21.6791
22.0599
22.7473
22.4947
21.7083
22.4113
23.1571
11.0312
21.2989
23.4931
23.3166
11.6395
15.2790
19.1861
22.4992
17.9688
22.9141
22.0433
18.4932
22.2945
23.3954
22.2474
22.0174
23.4996
23.1716
21.2662
22.6633
23.3886
22.8304
23.2045
23.4147
23.4147
23.4844
20.3718
20.7293
20.8035
22.1216
19.7631
23.1189
22.9141
18.4932
21.8521
14.8050
23.4019
23.2272
22.6244
23.4087
23.4475
22.8473
19.8997
22.0709
23.3817
23.4648
22.9141
23.2593
23.4609
22.2711
23.4267
23.3590
22.3875
21.9089
21.7962
23.0221
23.4521
23.2986
20.6512
17.0095
23.4891
21.8243
22.4780
22.8641
19.8997
22.7768
23.3259
21.4631
23.4999
22.4332
23.4973
23.3077
19.1328
22.4113
23.1060
22.7945
22.6032
18.8262
22.2711
21.2989
18.7662
20.9150
19.6723
22.9930
19.4084
20.4573
21.0586
21.9089
23.4037
23.3426
18.0901
20.9887
21.6179
20.9508
23.3077
22.9299
20.3718
19.5768
21.8816
19.4323
22.8641
18.4263
21.4631
21.0238
21.6179
22.1483
23.0815
19.0827
23.2790
16.8750
21.4295
23.4787
17.1466
22.1853
23.0323
23.2622
22.1853
18.8112
19.6853
23.2124
22.4841
17.2905
13.5997
16.5689
19.7405
21.6030
23.4147
21.8103
22.0654
21.3338
17.6635
22.5832
23.4906
21.9089
22.6985
20.4939
22.1270
23.3385
22.4065
22.0043
20.7213
22.7857
20.6783
17.6635
22.3537
22.0043
17.5174
22.4332
23.2742
20.8531
21.6030
21.5381
20.8713
23.0454
23.3872
17.7508
23.1907
18.7132
23.4961
14.8480
22.1554
14.1664
23.4087
21.5250
22.0433
20.1635
14.3043
22.5202
13.2404
23.2156
17.4725
23.4891
20.6512
19.0827
18.6060
18.0901
20.1184
19.1328
22.7395
18.0901
23.4756
16.2250
19.4323
22.1483
20.0760
21.5250
20.4939
19.5301
18.8746
23.4816
18.2662
22.9771
22.8119
18.6598
18.6598
19.3845
23.0221
23.4373
23.4475
18.3226
22.7395
20.8790
22.2945
23.4983
22.4113
23.2272
22.6244
17.2767
18.3226
14.4914
17.4725
21.4631
17.4093
23.2742
16.3756
18.5479
18.3226
22.8980
19.8079
18.2093
19.1754
19.9901
23.1932
20.1545
17.2767
10.8698
11.3361
23.0651
22.3875
23.4973
19.4797
18.7662
19.8079
16.2250
22.2711
20.2906
19.3363
20.8816
17.2767
18.1602
21.1637
20.3718
21.2331
23.4844
21.4631
20.2906
13.9250
19.0827
15.9210
20.1635
23.1817
19.9404
21.3659
18.7322
22.1853
21.4631
15.9210
23.3344
17.3456
20.4939
20.6891
22.8641
16.5184
22.3875
17.2119
23.3166
19.1328
21.5879
23.2483
16.8019
19.5301
16.2980
21.5250
22.6633
22.3194
20.0332
22.4550
18.7662
23.3077
20.6512
22.1730
17.0095
23.3166
23.4206
19.7631
20.2906
23.2790
22.9466
20.1184
22.8641
22.7211
20.0332
23.2483
21.4631
14.6746
23.4911
15.6844
21.7083
23.0221
20.8427
22.9771
14.6996
19.5301
22.9771
20.9150
11.1896
20.2052
22.0964
21.0238
23.4019
22.9466
22.1216
23.4686
23.2379
21.5316
18.4932
20.5856
17.4995
17.3456
13.5997
23.2124
22.1554
19.0575
22.2423
20.7666
19.7081
20.0024
20.8971
22.0964
18.6214
9.8523
17.9520
20.4460
21.8442
23.4409
18.4932
19.1754
15.4009
21.4564
21.4564
14.4914
21.4205
18.4932
23.4521
23.2379
20.5856
23.4310
22.8676
21.7760
14.6496
14.4914
22.8070
23.0484
22.7641
22.0359
20.8114
18.5596
20.4939
20.6783
18.2256
21.3819
19.5768
23.4880
23.3968
20.9406
21.5316
22.7641
17.9223
9.8523
17.5174
21.8442
21.7433
23.3284
20.6783
17.1325
21.4205
23.4976
21.1468
23.4073
22.4596
23.0815
22.4113
23.4409
13.4792
16.2250
23.3756
22.4332
20.2052
18.0192
23.2505
23.1716
23.1716
21.2260
22.2148
19.5100
23.2811
16.8943
21.0660
19.7727
23.3771
22.5832
13.6909
