0.19874954596161842
0.12684747343882918
0.1520702033303678
0.16860570758581161
0.4375230986624956
0.16257771058008075
0.12855117674916983
0.22360219154506922
0.13839516323059797
0.13817489380016923
0.16862344928085804
0.19874954596161842
0.13662760611623526
0.2080495236441493
0.12783576967194676
0.24136826395988464
0.20329949911683798
0.2351765288040042
0.13045745436102152
0.2351765288040042
0.13817489380016923
0.12706471607089043
0.2941765356808901
0.2854322548955679
0.15206028474494815
0.12726985150948167
0.13045745436102152
0.1639152760617435
0.13518700143322349
0.16257771058008075
0.14346333919093013
0.13462681090459228
0.3235603217035532
0.19214990315958858
0.14346333919093013
0.13462681090459228
0.2292597433552146
0.19874954596161842
0.12684747343882918
0.12726985150948167
0.12752541806548834
0.12783576967194676
0.1267202547751367
0.14578517293557525
0.14578517293557525
0.2771407598629594
0.2351765288040042
0.12706471607089043
0.14307008823379874
0.13150384183973074
0.1902145566418767
0.13166365679353476
0.15976271824911237
0.13305015163496137
0.12684747343882918
0.12684747343882918
0.13150384183973074
0.15206028474494815
0.13462681090459228
0.38677912671118975
0.13462681090459228
0.21818967070430517
0.3131909994408488
0.15206028474494815
0.13640447286888957
0.13048984110355377
0.16257771058008075
0.4574572667479515
0.13045745436102152
0.14753900468349457
0.15566200017929077
0.13166365679353476
0.13982937671244144
0.13839516323059797
0.12656331527978182
0.21300935186445713
0.14578517293557525
0.12752541806548834
0.24136826395988464
0.12649466516450047
0.13640447286888957
0.13462681090459228
0.13640447286888957
0.1267202547751367
0.128786766435951
0.13385280035436153
0.12684747343882918
0.1267202547751367
0.16860570758581161
0.21818967070430517
0.13518700143322349
0.25464852806180716
0.12726985150948167
0.13048984110355377
0.13982937671244144
0.21818967070430517
0.21818967070430517
0.14974662335589528
0.12641259236261249
0.20329949911683798
0.14753900468349457
0.18238069023936987
0.13839516323059797
0.2292597433552146
0.12855117674916983
0.1267202547751367
0.13150384183973074
0.14877531211823225
0.12684747343882918
0.2080495236441493
0.4375230986624956
0.14159183483570814
0.24785243440419436
0.13817489380016923
0.13839516323059797
0.14578517293557525
0.13305015163496137
0.1545121893286705
0.13385280035436153
0.13662760611623526
0.14061215333640575
0.13045745436102152
0.15707534039393067
0.1267202547751367
0.3723258851096034
0.13462681090459228
0.1295838039368391
0.13839516323059797
0.12783576967194676
0.12783576967194676
0.14346333919093013
0.13518700143322349
0.12726985150948167
0.17376226605847478
0.12810009066015482
0.12783576967194676
0.34632852766662836
0.12641259236261249
0.14159183483570814
0.13305015163496137
0.16257771058008075
0.1295838039368391
0.13662760611623526
0.15707534039393067
0.14974662335589528
0.1639152760617435
0.15960471937432885
0.12641259236261249
0.13518700143322349
0.2080495236441493
0.12855117674916983
0.12810009066015482
0.5905368831008673
0.14307008823379874
0.13518700143322349
0.12810009066015482
0.1545121893286705
0.1902145566418767
0.13048984110355377
0.40236315689980984
0.13662760611623526
0.13640447286888957
0.13839516323059797
0.13462681090459228
0.18238069023936987
0.13982937671244144
0.1267202547751367
0.16860570758581161
0.14753900468349457
0.14346333919093013
0.1295838039368391
0.13045745436102152
0.13166365679353476
0.12783576967194676
0.1267202547751367
0.13166365679353476
0.14159183483570814
0.17936837393790483
0.12649466516450047
0.2292597433552146
0.17182722222059965
0.12752541806548834
0.1267202547751367
0.13045745436102152
0.14061215333640575
0.1267202547751367
0.14877531211823225
0.26926659047603607
0.16862344928085804
0.1520702033303678
0.12656331527978182
0.13982937671244144
0.14753900468349457
0.13166365679353476
0.12855117674916983
0.22360219154506922
0.13045745436102152
0.1263909856788814
0.1902145566418767
0.1545121893286705
0.14974662335589528
0.2854322548955679
0.12726985150948167
0.13048984110355377
0.16552400775253773
0.2080495236441493
0.14544520527124405
0.15707534039393067
0.12706471607089043
0.18238069023936987
0.2080495236441493
0.1545121893286705
0.16552400775253773
0.3723258851096034
0.13305015163496137
0.17182722222059965
0.2292597433552146
0.14159183483570814
0.13048984110355377
0.17182722222059965
0.16257771058008075
0.13839516323059797
0.1263909856788814
0.13817489380016923
0.19942100625485182
0.12726985150948167
0.13817489380016923
0.3588784020394087
0.1520702033303678
0.2941765356808901
0.1862135948613286
0.12942265020683408
0.2617783844470978
0.13048984110355377
0.14159183483570814
0.13518700143322349
0.12942265020683408
0.14159183483570814
0.1902145566418767
0.1862135948613286
0.14061215333640575
0.13385280035436153
0.14307008823379874
0.1545121893286705
0.13385280035436153
0.12656331527978182
0.14578517293557525
0.13662760611623526
0.14753900468349457
0.128786766435951
0.1639152760617435
0.503137893974781
0.12855117674916983
0.12783576967194676
0.12726985150948167
0.15566200017929077
0.13817489380016923
0.128786766435951
0.1545121893286705
0.14544520527124405
0.38677912671118975
0.19214990315958858
0.12649466516450047
0.13662760611623526
0.22360219154506922
0.4375230986624956
0.12783576967194676
0.12726985150948167
0.15206028474494815
0.16257771058008075
0.12810009066015482
0.12810009066015482
0.2080495236441493
0.12855117674916983
0.1902145566418767
0.12810009066015482
0.13045745436102152
0.13662760611623526
0.12783576967194676
0.13518700143322349
0.14061215333640575
0.15707534039393067
0.12641259236261249
0.13817489380016923
0.12649466516450047
0.1902145566418767
0.24136826395988464
0.12726985150948167
0.1520702033303678
0.17870930023491383
0.25464852806180716
0.1545121893286705
0.13385280035436153
0.13982937671244144
0.13518700143322349
0.15707534039393067
0.1295838039368391
0.21818967070430517
0.12684747343882918
0.12783576967194676
0.12752541806548834
0.15707534039393067
0.24785243440419436
0.25464852806180716
0.13640447286888957
0.13166365679353476
0.1267202547751367
0.12641259236261249
0.15206028474494815
0.1263909856788814
0.1639152760617435
0.12942265020683408
0.1862135948613286
0.13048984110355377
0.16552400775253773
0.13640447286888957
0.128786766435951
0.12641259236261249
0.2080495236441493
0.12810009066015482
0.16862344928085804
0.1639152760617435
0.12942265020683408
0.14346333919093013
0.13385280035436153
0.12783576967194676
0.13662760611623526
0.17870930023491383
0.12684747343882918
0.13462681090459228
0.1520702033303678
0.12810009066015482
0.13262499123811722
0.14307008823379874
0.13166365679353476
0.14061215333640575
0.1751933479681611
0.15206028474494815
0.13150384183973074
0.19439066527411342
0.12783576967194676
0.1902145566418767
0.128786766435951
0.303414068184793
0.13048984110355377
0.19439066527411342
0.14974662335589528
0.3131909994408488
0.15206028474494815
0.13305015163496137
0.12726985150948167
0.13166365679353476
0.12752541806548834
0.13048984110355377
0.13640447286888957
0.12649466516450047
0.13166365679353476
0.12810009066015482
0.12641259236261249
0.12726985150948167
0.13518700143322349
0.1751933479681611
0.3723258851096034
0.1263909856788814
0.12649466516450047
0.14753900468349457
0.1267202547751367
0.1902145566418767
0.12810009066015482
0.13982937671244144
0.1295838039368391
0.12656331527978182
0.1295838039368391
0.2941765356808901
0.303414068184793
0.12752541806548834
0.12684747343882918
0.13045745436102152
0.3131909994408488
0.16862344928085804
0.14544520527124405
0.3723258851096034
0.24136826395988464
0.1267202547751367
0.16257771058008075
0.13305015163496137
0.1263909856788814
0.12942265020683408
0.12649466516450047
0.17182722222059965
0.14753900468349457
0.14061215333640575
0.14877531211823225
0.1520702033303678
0.47924485988914967
0.14307008823379874
0.13048984110355377
0.5294244736433029
0.14061215333640575
0.12656331527978182
0.13462681090459228
0.13150384183973074
0.12855117674916983
0.14061215333640575
0.1295838039368391
0.47924485988914967
0.128786766435951
0.3345828037708998
0.12810009066015482
0.13982937671244144
0.13385280035436153
0.12656331527978182
0.2617783844470978
0.12641259236261249
0.13262499123811722
0.14061215333640575
0.12752541806548834
0.12684747343882918
0.14159183483570814
0.13518700143322349
0.13982937671244144
0.13662760611623526
0.1520702033303678
0.12783576967194676
0.13385280035436153
0.13045745436102152
0.12649466516450047
0.1295838039368391
0.3723258851096034
0.15960471937432885
0.12783576967194676
0.13048984110355377
0.12649466516450047
0.22360219154506922
0.17936837393790483
0.1295838039368391
0.12656331527978182
0.19874954596161842
0.18238069023936987
0.15960471937432885
0.13662760611623526
0.19874954596161842
0.12855117674916983
0.1751933479681611
0.13166365679353476
0.2292597433552146
0.13048984110355377
0.1263909856788814
0.13462681090459228
0.14877531211823225
0.1263909856788814
0.16552400775253773
0.1267202547751367
0.14877531211823225
0.22360219154506922
0.15707534039393067
0.13045745436102152
0.14061215333640575
0.14061215333640575
0.13518700143322349
0.17182722222059965
0.12810009066015482
0.12649466516450047
0.1639152760617435
0.12810009066015482
0.13662760611623526
0.12641259236261249
0.303414068184793
0.14346333919093013
0.14877531211823225
0.12726985150948167
0.13166365679353476
0.12942265020683408
0.13982937671244144
0.12942265020683408
0.34632852766662836
0.12810009066015482
0.22360219154506922
0.15707534039393067
0.2771407598629594
0.16862344928085804
0.40236315689980984
0.1267202547751367
0.47924485988914967
0.1520702033303678
0.12649466516450047
0.13640447286888957
0.1751933479681611
0.13262499123811722
0.13462681090459228
0.15976271824911237
0.12706471607089043
0.14544520527124405
0.12641259236261249
0.16860570758581161
0.16552400775253773
0.13662760611623526
0.128786766435951
0.14346333919093013
0.12656331527978182
0.15960471937432885
0.1295838039368391
0.13048984110355377
0.14061215333640575
0.13166365679353476
0.12942265020683408
0.13262499123811722
0.558432936668396
0.13048984110355377
0.2080495236441493
0.18238069023936987
0.13150384183973074
0.13048984110355377
0.12855117674916983
0.13982937671244144
0.16257771058008075
0.13305015163496137
0.19874954596161842
0.15976271824911237
0.17870930023491383
0.12684747343882918
0.12641259236261249
0.16860570758581161
0.12684747343882918
0.13839516323059797
0.1263909856788814
0.13048984110355377
0.13166365679353476
0.38677912671118975
0.14578517293557525
0.13462681090459228
0.13518700143322349
0.21300935186445713
0.16552400775253773
0.1263909856788814
0.12649466516450047
0.12641259236261249
0.18238069023936987
0.13518700143322349
0.13662760611623526
0.12783576967194676
0.12752541806548834
0.12706471607089043
0.14877531211823225
0.26926659047603607
0.12942265020683408
0.12656331527978182
0.2351765288040042
0.14307008823379874
0.12706471607089043
0.14877531211823225
0.12656331527978182
0.14877531211823225
0.13045745436102152
0.12656331527978182
0.1520702033303678
0.13462681090459228
0.14346333919093013
0.14974662335589528
0.13982937671244144
0.12684747343882918
0.1862135948613286
0.26926659047603607
0.13640447286888957
0.12706471607089043
0.12783576967194676
0.13305015163496137
0.15707534039393067
0.13462681090459228
0.21300935186445713
0.14544520527124405
0.13518700143322349
0.13839516323059797
0.15566200017929077
0.14061215333640575
0.14578517293557525
0.12855117674916983
0.1263909856788814
0.16257771058008075
0.12656331527978182
0.128786766435951
0.15960471937432885
0.12752541806548834
0.1295838039368391
0.12726985150948167
0.12783576967194676
0.15960471937432885
0.17936837393790483
0.14578517293557525
0.128786766435951
0.13462681090459228
0.12855117674916983
0.4574572667479515
0.14159183483570814
0.12649466516450047
0.14974662335589528
0.13048984110355377
0.14346333919093013
0.12706471607089043
0.15707534039393067
0.12726985150948167
0.13640447286888957
0.13817489380016923
0.20329949911683798
0.14346333919093013
0.12752541806548834
0.12656331527978182
0.12656331527978182
0.17182722222059965
0.13045745436102152
0.13385280035436153
0.128786766435951
0.16552400775253773
0.1639152760617435
0.15206028474494815
0.13839516323059797
0.15976271824911237
0.14159183483570814
0.12942265020683408
0.14877531211823225
0.14974662335589528
0.13166365679353476
0.1267202547751367
0.19874954596161842
0.13982937671244144
0.20329949911683798
0.14753900468349457
0.13048984110355377
0.13045745436102152
0.2771407598629594
0.2351765288040042
0.3235603217035532
0.1263909856788814
0.12641259236261249
0.20329949911683798
0.14159183483570814
0.1545121893286705
0.1545121893286705
0.14974662335589528
0.14159183483570814
0.13640447286888957
0.1862135948613286
0.15707534039393067
0.12810009066015482
0.12726985150948167
0.22360219154506922
0.13385280035436153
0.13166365679353476
0.2080495236441493
0.503137893974781
0.3345828037708998
0.13166365679353476
0.3723258851096034
0.13262499123811722
0.3235603217035532
0.14307008823379874
0.2854322548955679
0.1263909856788814
0.2854322548955679
0.2854322548955679
0.25464852806180716
0.13662760611623526
0.12752541806548834
0.3345828037708998
0.13262499123811722
0.4375230986624956
0.41922228410840034
0.1862135948613286
0.503137893974781
0.41922228410840034
0.5905368831008673
0.12783576967194676
0.17182722222059965
0.34632852766662836
0.4574572667479515
0.558432936668396
0.47924485988914967
0.41922228410840034
0.2941765356808901
0.16552400775253773
0.1751933479681611
0.22360219154506922
0.12752541806548834
0.21300935186445713
0.14159183483570814
0.12726985150948167
0.3723258851096034
0.14578517293557525
0.1751933479681611
0.24136826395988464
0.1545121893286705
0.41922228410840034
0.22360219154506922
0.2080495236441493
0.14346333919093013
0.558432936668396
0.14578517293557525
0.5294244736433029
0.3131909994408488
0.558432936668396
0.2941765356808901
0.3131909994408488
0.14346333919093013
0.14974662335589528
0.303414068184793
0.13305015163496137
0.1267202547751367
0.13385280035436153
0.128786766435951
0.19214990315958858
0.14753900468349457
0.20329949911683798
0.20735193975269794
0.2254509599879384
0.12684747343882918
0.14753900468349457
0.1639152760617435
0.1267202547751367
0.15566200017929077
0.22360219154506922
0.25464852806180716
0.2080495236441493
0.17870930023491383
0.14974662335589528
0.20329949911683798
0.16862344928085804
0.14578517293557525
0.14753900468349457
0.14974662335589528
0.25464852806180716
0.2854322548955679
0.5905368831008673
0.13262499123811722
0.14307008823379874
0.1545121893286705
0.12942265020683408
0.17376226605847478
0.12855117674916983
0.12752541806548834
0.5294244736433029
0.13462681090459228
0.12942265020683408
0.12942265020683408
0.14307008823379874
0.12641259236261249
0.15206028474494815
0.15960471937432885
0.1295838039368391
0.2351765288040042
0.12706471607089043
0.17376226605847478
0.1545121893286705
0.12656331527978182
0.19942100625485182
0.12656331527978182
0.14061215333640575
0.13839516323059797
0.14346333919093013
0.13462681090459228
0.13640447286888957
0.12656331527978182
0.14307008823379874
0.1639152760617435
0.14061215333640575
0.18548249499872327
0.16862344928085804
0.15566200017929077
0.19942100625485182
0.13462681090459228
0.3723258851096034
0.1639152760617435
0.17936837393790483
0.17376226605847478
0.23576696403324604
0.14578517293557525
0.15960471937432885
0.15960471937432885
0.25936965830624104
0.21600532345473766
0.14159183483570814
0.14307008823379874
0.16862344928085804
0.2254509599879384
0.16862344928085804
0.16257771058008075
0.17870930023491383
0.13640447286888957
0.13166365679353476
0.12752541806548834
0.15206028474494815
0.12684747343882918
0.14578517293557525
0.15206028474494815
0.12855117674916983
0.24785243440419436
0.12706471607089043
0.12942265020683408
0.4375230986624956
0.12641259236261249
0.4574572667479515
0.26926659047603607
0.2771407598629594
0.16552400775253773
0.18548249499872327
0.13166365679353476
0.16862344928085804
0.13839516323059797
0.12752541806548834
0.14307008823379874
0.12641259236261249
0.17870930023491383
0.24136826395988464
0.19874954596161842
0.3235603217035532
0.34632852766662836
0.26926659047603607
0.4574572667479515
0.14877531211823225
0.13817489380016923
0.24136826395988464
0.3723258851096034
0.3723258851096034
0.1520702033303678
0.14061215333640575
0.1639152760617435
0.12855117674916983
0.2292597433552146
0.14578517293557525
0.18238069023936987
0.1862135948613286
0.26926659047603607
0.12726985150948167
0.12810009066015482
0.1267202547751367
0.26926659047603607
0.2351765288040042
0.2617783844470978
0.13166365679353476
0.1263909856788814
0.13305015163496137
0.21818967070430517
0.23576696403324604
0.1862135948613286
0.13045745436102152
0.12706471607089043
0.15206028474494815
0.15960471937432885
0.17376226605847478
0.13045745436102152
0.2292597433552146
0.17376226605847478
0.12656331527978182
0.15566200017929077
0.2771407598629594
0.15206028474494815
0.14307008823379874
0.14159183483570814
0.13839516323059797
0.12783576967194676
0.2292597433552146
0.12684747343882918
0.14974662335589528
0.15566200017929077
0.15566200017929077
0.128786766435951
0.25464852806180716
0.38677912671118975
0.21818967070430517
0.1902145566418767
0.34632852766662836
0.2351765288040042
0.503137893974781
0.17870930023491383
0.1751933479681611
0.19942100625485182
0.13305015163496137
0.1267202547751367
0.12656331527978182
0.15707534039393067
0.17376226605847478
0.16862344928085804
0.21300935186445713
0.22360219154506922
0.13462681090459228
0.13982937671244144
0.13662760611623526
0.22360219154506922
0.12649466516450047
0.13305015163496137
0.13839516323059797
0.12706471607089043
0.14974662335589528
0.15707534039393067
0.13048984110355377
0.128786766435951
0.13662760611623526
0.13640447286888957
0.13045745436102152
0.26926659047603607
0.14877531211823225
0.12726985150948167
0.128786766435951
0.13045745436102152
0.1263909856788814
0.3588784020394087
0.13462681090459228
0.14578517293557525
0.1267202547751367
0.13045745436102152
0.17182722222059965
0.14061215333640575
0.12726985150948167
0.14307008823379874
0.14578517293557525
0.13045745436102152
0.13462681090459228
0.12855117674916983
0.14061215333640575
0.13839516323059797
0.1639152760617435
0.13839516323059797
0.41922228410840034
0.14544520527124405
0.14159183483570814
0.128786766435951
0.12810009066015482
0.17182722222059965
0.13982937671244144
0.12810009066015482
0.12752541806548834
0.13462681090459228
0.13166365679353476
0.13045745436102152
0.14307008823379874
0.15206028474494815
0.14159183483570814
0.12783576967194676
0.1267202547751367
0.12706471607089043
0.13385280035436153
0.12649466516450047
0.1902145566418767
0.13045745436102152
0.13640447286888957
0.14578517293557525
0.24785243440419436
0.24136826395988464
0.13640447286888957
0.14061215333640575
0.15976271824911237
0.12810009066015482
0.12649466516450047
0.13262499123811722
0.14578517293557525
0.19874954596161842
0.12656331527978182
0.13982937671244144
0.1520702033303678
0.558432936668396
0.1267202547751367
0.14877531211823225
0.1263909856788814
0.13166365679353476
0.12942265020683408
0.13305015163496137
0.12656331527978182
0.15566200017929077
0.12855117674916983
0.15566200017929077
0.12855117674916983
0.13462681090459228
0.12942265020683408
0.13048984110355377
0.13640447286888957
0.12726985150948167
0.1520702033303678
0.14159183483570814
0.12656331527978182
0.13048984110355377
0.1520702033303678
0.13839516323059797
0.14753900468349457
0.1862135948613286
0.12706471607089043
0.15960471937432885
0.13262499123811722
0.14877531211823225
0.19214990315958858
0.1751933479681611
0.12810009066015482
0.14753900468349457
0.12656331527978182
0.16862344928085804
0.12706471607089043
0.12656331527978182
0.13817489380016923
0.14159183483570814
0.13048984110355377
0.13385280035436153
0.16552400775253773
0.2080495236441493
0.12641259236261249
0.12649466516450047
0.12684747343882918
0.1263909856788814
0.128786766435951
0.13048984110355377
0.14753900468349457
0.13262499123811722
0.14061215333640575
0.1751933479681611
0.12810009066015482
0.12641259236261249
0.12656331527978182
0.21300935186445713
0.15976271824911237
0.12649466516450047
0.13150384183973074
0.13640447286888957
0.13817489380016923
0.13305015163496137
0.15707534039393067
0.13305015163496137
0.13305015163496137
0.15206028474494815
0.14061215333640575
0.15960471937432885
0.13305015163496137
0.12726985150948167
0.14578517293557525
0.12942265020683408
0.14061215333640575
0.12726985150948167
0.14061215333640575
0.14159183483570814
0.26926659047603607
0.12752541806548834
0.13048984110355377
0.14061215333640575
0.2351765288040042
0.13462681090459228
0.1639152760617435
0.15566200017929077
0.12706471607089043
0.1751933479681611
0.128786766435951
0.15960471937432885
0.13305015163496137
0.1295838039368391
0.13262499123811722
0.13305015163496137
0.14307008823379874
0.12641259236261249
0.16860570758581161
0.14159183483570814
0.12752541806548834
0.13150384183973074
0.12706471607089043
0.13462681090459228
0.16862344928085804
0.12726985150948167
0.14061215333640575
0.12855117674916983
0.16860570758581161
0.14159183483570814
0.13048984110355377
0.17376226605847478
0.12810009066015482
0.12684747343882918
0.13839516323059797
0.13839516323059797
0.1639152760617435
0.12684747343882918
0.13045745436102152
0.13166365679353476
0.1267202547751367
0.2292597433552146
0.12752541806548834
0.13662760611623526
0.12656331527978182
0.13045745436102152
0.14578517293557525
0.16862344928085804
0.1639152760617435
0.13305015163496137
0.13982937671244144
0.15566200017929077
0.13385280035436153
0.13462681090459228
0.14578517293557525
0.12752541806548834
0.1295838039368391
0.14061215333640575
0.18548249499872327
0.1639152760617435
0.40236315689980984
0.13640447286888957
0.14061215333640575
0.14877531211823225
0.12641259236261249
0.1295838039368391
0.13817489380016923
0.14061215333640575
0.12684747343882918
0.14877531211823225
0.13462681090459228
0.12942265020683408
0.13982937671244144
0.15566200017929077
0.1545121893286705
0.20329949911683798
0.14307008823379874
0.12641259236261249
0.13982937671244144
0.13518700143322349
0.13385280035436153
0.1295838039368391
0.13839516323059797
0.14307008823379874
0.13262499123811722
0.14159183483570814
0.14307008823379874
0.1267202547751367
0.13305015163496137
0.15566200017929077
0.12942265020683408
0.13150384183973074
0.14974662335589528
0.13305015163496137
0.13982937671244144
0.12641259236261249
0.12684747343882918
0.16552400775253773
0.12684747343882918
0.14307008823379874
0.12783576967194676
0.1545121893286705
0.13662760611623526
0.13045745436102152
0.13166365679353476
0.12706471607089043
0.13166365679353476
0.14544520527124405
0.13462681090459228
0.14061215333640575
0.14346333919093013
0.13305015163496137
0.12783576967194676
0.12810009066015482
0.1267202547751367
0.13166365679353476
0.22360219154506922
0.13640447286888957
0.21818967070430517
0.13662760611623526
0.14346333919093013
0.14544520527124405
0.26926659047603607
0.38677912671118975
0.12649466516450047
0.19214990315958858
0.13305015163496137
